33063936 17083  4233 2 -inf -17
33063936 16991  0011 0 -inf -10
16548864 16959  1122 0 -inf 4
16290816 17021  2213 2 -inf 8
16286976 571  4233 4 -inf 7
16286016 573  3334 4 -inf 1
16285954 564  1314 6 -inf -6
16285706 16416  1413 7 -inf 3
16285954 17408  3433 7 -inf 51
16286016 263168  3343 8 -3 0
16285984 131072  1322 8 -1 0
16548864 17115  1000 0 -inf -12
24937472 16991  2021 0 -inf -10
20874240 17243  3031 0 -inf -8
33062976 16954  3324 4 -inf -4
33062916 816  0011 3 -inf 19
33063936 17207  0011 0 -inf -10
16548864 17269  1000 0 -inf -12
24937472 9077  0102 0 -inf -4
24429568 9201  1121 0 -inf -4
20087808 263153  2122 0 -inf -3
19960832 937  4233 2 -inf 12
19959872 808  0011 2 -inf 14
3444800 568  2213 3 -inf 37
3440960 1560  3343 5 -inf 25
3440928 532  1314 5 -inf 42
3440680 16  1102 8 -3 0
3194920 512  1404 8 -1 0
33063936 17021  1011 0 -inf -10
24937472 16959  2031 0 -inf 4
20808704 17199  3122 0 -inf 12
20747264 17259  2223 1 -inf -1
20743296 16941  2313 4 -inf 5
20743424 16425  1303 5 -inf 1
20743680 104  0313 5 -inf 6
20743424 4136  4233 7 -inf 18
20742464 9  1304 7 -inf 23
20742224 5  3334 8 -1 0
33063936 17199  0011 0 -inf -10
16548864 17262  1000 0 -inf -12
24937472 17386  0010 0 -inf -12
16548864 17355  1000 0 -inf -12
24937472 17295  0010 0 -inf -12
16548864 25231  1122 0 -inf 4
16290816 9103  1011 0 -inf 10
8164352 24975  2031 0 -inf 10
4035584 25037  3132 0 -inf 10
3972096 25005  3233 2 -inf 12
3970112 8973  3334 4 -inf 25
3970050 17160  1112 4 -inf 29
3716098 17032  1213 6 -inf 52
3708162 262152  2221 7 -inf 52
3835138 16  2131 8 -5 0
3769602 8  1304 8 -3 0
3769362 256  3122 8 -1 0
16548864 17331  1000 0 -inf -12
33063936 17022  1011 0 -inf -10
24937472 17021  2021 0 -inf -10
20874240 17269  3031 0 -inf -10
18842624 17261  3132 0 -inf 10
18779136 17199  0010 0 -inf 12
10390528 17259  1020 0 -inf 12
6196224 16763  2122 0 -inf 14
6069248 24699  1110 1 -inf -15
14191616 270459  3222 1 -inf 8
14193664 8283  2213 3 -inf -2
14189824 579  0102 3 -inf 17
13681920 2563  4233 5 -inf 48
13680960 544  1304 6 -inf 52
13680720 1  0414 6 -inf 52
13680712 2  1424 8 -5 0
13680708 1  4142 8 -3 0
13648964 2  3344 8 -1 0
33063936 8767  0011 0 -inf -4
16548864 9019  1122 0 -inf 10
16290816 9021  1011 0 -inf 12
8164352 9084  2223 1 -inf -4
8160384 16956  2313 5 -inf 8
8160512 600  1324 5 -inf 16
8160260 776  2423 5 -inf 27
8160384 4616  2021 6 -inf 31
4097152 24  2313 6 -inf 48
4097280 20  1314 8 -1 0
33063936 17019  0011 0 -inf -10
16548864 17015  1000 0 -inf -10
24937472 17007  0010 0 -inf -10
24937472 887  0102 0 -inf -2
24429568 1011  1121 0 -inf -2
24298496 1003  2131 0 -inf -2
24232960 2987  4233 4 -inf -3
24232000 649  0213 6 -inf 48
24215872 40  3344 7 -inf 29
24215809 1032  4443 7 -inf 48
24215840 4  3122 7 -inf 48
24154400 2  1324 8 -5 0
24154148 1  2221 8 -3 0
24281124 2  4344 8 -1 0
33063936 16703  0011 0 -inf -10
16548864 16763  2021 0 -inf -10
12485632 20795  1112 2 -inf -6
12231680 63  2122 2 -inf 16
12104704 187  2233 4 -inf 23
12100672 523  0102 4 -inf 37
11592768 554  1213 5 -inf 23
11584832 553  1304 6 -inf 20
11584592 37  3334 8 -5 0
11584530 64  3424 8 -1 0
33063936 831  0011 0 -inf -9
16548864 8767  1122 0 -inf 10
16290816 8799  4232 1 -inf -11
16291840 9759  3233 2 -inf 14
16289856 8475  0102 3 -inf -13
15781952 31  1011 3 -inf 22
7655488 155  0213 6 -inf 34
7639360 29  3334 6 -inf 52
7639298 520  1102 8 -5 0
7393538 528  3424 8 -3 0
7393540 520  1304 8 -1 0
16548864 8827  2021 0 -inf -4
12485632 10811  2122 2 -inf 10
12358656 811  1020 2 -inf 14
8164352 571  1102 2 -inf 14
7918592 603  4231 2 -inf 14
7983104 851  2223 4 -inf 1
7979136 533  0213 4 -inf 22
7963008 531  2333 4 -inf 48
7962944 16403  1303 6 -inf 48
7963200 34  0313 7 -inf 23
7962944 1026  1324 8 -5 0
7897092 2050  2433 8 -1 0
33063936 262719  0102 1 -inf 1
32556032 638  0011 1 -inf -2
16040960 878  1121 1 -inf -2
15909888 2862  4233 2 -inf -10
15908928 572  4142 4 -inf 3
15877184 812  2131 4 -inf 3
15811648 810  3324 4 -inf 17
15795200 288  3122 4 -inf 18
15733760 257  1011 4 -inf 25
7607296 513  2213 4 -inf 35
7603456 544  1102 4 -inf 36
7357696 576  1304 5 -inf 32
7357456 2  0413 5 -inf 48
7357696 1  1323 5 -inf 51
7357568 32  2333 8 -5 0
7357504 1  3334 8 -3 0
7357442 64  3424 8 -1 0
24937472 17274  0010 0 -inf -12
16548864 21114  1112 2 -inf -12
16294912 603  4231 2 -inf 8
16359424 634  0102 2 -inf 14
15851520 630  1222 2 -inf 14
15847424 754  2213 4 -inf 12
15843584 83  1011 4 -inf 24
7717120 1043  1112 4 -inf 23
7463168 1074  1211 4.0 -inf 23.0
7717120 1570  1304 5 -inf 23
7716880 1060  0414 5 -inf 23
7716872 1058  1112 5 -inf 23
7462920 1027  1211 5.0 -inf 23.0
7716872 1090  1122 5 -inf 24
7458824 2114  0213 5 -inf 26
7442696 2051  2233 8 -5 0
7438664 32  3344 8 -3 0
7438601 1024  4443 8 -1 0
16548864 9015  1122 0 -inf 10
16290816 8887  4233 2 -inf 12
16289856 24599  1011 2 -inf 12
8163392 24723  4142 2 -inf 25
8131648 24725  2213 7 -inf 20
8127808 513  1304 7 -inf 29
8127568 16385  3334 8 -5 0
8127506 8193  0413 8 -3 0
8127746 64  1324 8 -1 0
24937472 17139  0010 0 -inf -12
16548864 21107  1112 2 -inf -12
16294912 567  1222 2 -inf 8
16290816 819  1011 2 -inf 14
8164352 881  2223 3 -inf 17
8160384 16433  4233 4 -inf 19
8159424 16929  1122 4 -inf 30
7901376 801  2021 4 -inf 30
3838144 549  3334 6 -inf 9
3838082 513  2313 6 -inf 48
3838210 576  2232 7 -inf 52
3836162 16  3231 8 -5 0
3899650 8  1304 8 -3 0
3899410 256  3122 8 -1 0
16548864 17022  2021 0 -inf -10
12485632 16766  3031 0 -inf -10
10454016 894  0102 0 -inf 0
9946112 766  1112 0 -inf 0
9692160 894  1211 0.0 -inf 0.0
9946112 8830  1020 0 -inf -2
5751808 4734  1112 0 -inf 0
5497856 4798  1213 4 -inf 32
5489920 170  4233 7 -inf 16
5488960 18  3344 7 -inf 27
5488897 514  1304 8 -5 0
5488657 4  0213 8 -3 0
5472529 2  1324 8 -1 0
16548864 17199  1122 0 -inf 10
16290816 17323  4233 2 -inf 10
16289856 16667  4142 2 -inf 26
16258112 16669  3334 4 -inf 27
16258050 24600  2213 7 -inf 12
16254210 8208  1011 8 -5 0
8127746 8  1304 8 -3 0
8127506 256  1122 8 -1 0
33062976 16925  3334 4 -inf -3
33062914 16664  0011 4 -inf 12
16547842 17160  1122 4 -inf 26
16289794 17032  3424 5 -inf 27
24937472 17145  0010 0 -inf -12
16548864 19129  1122 1 -inf 4
16290816 17321  4233 3 -inf 12
16289856 17033  2213 4 -inf 10
16286016 16424  1303 6 -inf 48
16286272 36  4142 7 -inf 0
16254528 288  3323 7 -inf 50
16254592 64  4243 8 -1 0
16290816 9047  2223 1 -inf -9
16286848 8790  1011 1 -inf -11
8160256 12822  0102 1 -inf -4
7652352 139798  1122 3 -inf 21
7394304 596  4232 3 -inf 18
7395328 660  0213 5 -inf 41
7379200 516  3233 5 -inf 31
7376960 16388  2213 8 -1 0
20808704 17019  3132 0 -inf 12
20745216 21051  1112 2 -inf 14
20491264 603  0011 2 -inf 16
3976192 843  1122 2 -inf 16
3718144 591  1213 2 -inf 24
3710208 599  1314 4 -inf 22
3709960 547  0102 5 -inf 3
3202056 610  1404 5 -inf 33
3202064 35  3233 7 -inf 52
3200080 37  3334 8 -5 0
3200018 64  2232 8 -1 0
16548864 17231  1000 0.0 -inf -12.0
24937472 19215  1122 0 -inf -4
24679424 17229  2223 2 -inf -12
24675456 262669  2322 4 -inf 10
24679424 526  4233 4 -inf 27
24678464 778  0010 4 -inf 27
16289856 777  4142 4 -inf 27
16258112 8713  2213 6 -inf 48
16254272 514  1304 7 -inf 33
16254032 513  0102 7 -inf 52
15746128 32  3344 8 -1 0
16548864 21051  4233 2 -inf 5
16547904 17202  1122 2 -inf 10
16289856 262962  2212 4 -inf 8
16293952 1554  3343 5 -inf 5
16293920 529  1213 5 -inf 47
16285984 530  4344 6 -inf 28
16285953 16402  1303 7 -inf 12
16286209 4  0313 7 -inf 51
16285953 2  1324 8 -1 0
12485632 891  1102 0 -inf -2
12239872 893  1011 0 -inf -2
4113408 957  4233 1 -inf 6
4112448 921  4142 2 -inf 12
4080704 669  3334 4 -inf 5
4080642 660  0213 7 -inf 25
4064514 12  1102 7 -inf 52
3818754 136  4233 8 -5 0
3817794 16  1314 8 -3 0
3817546 512  1404 8 -1 0
16548864 24639  1122 0 -inf 10
16290816 24879  1011 0 -inf 12
8164352 25135  2213 4 -inf 5
8160512 579  1102 4 -inf 17
7914752 2563  4233 6 -inf 48
7913792 544  1304 7 -inf 52
7913552 1  0414 7 -inf 52
7913544 32  1424 8 -5 0
7913540 1024  3343 8 -1 0
16290816 9082  2223 2 -inf 10
16286848 16954  2333 2 -inf 12
16286784 16698  3344 3 -inf -17
16286721 20506  4233 4 -inf -19
16285761 20746  3324 5 -inf -15
16285701 16768  1011 5 -inf -6
8159237 16528  1122 6 -inf 29
7901189 16392  2213 7 -inf 52
7897349 16400  1303 8 -1 0
16290816 16703  1011 0 -inf 14
8164352 16765  2223 1 -inf -1
8160384 16941  2313 4 -inf 5
8160512 554  1102 4 -inf 26
7914752 523  4233 5 -inf 13
7913792 525  3334 7 -inf 51
7913730 528  3424 8 -3 0
7913732 520  1304 8 -1 0
24937472 17146  0010 0 -inf -12
16548864 8954  0102 0 -inf -4
16040960 8891  0213 4 -inf 5
16024832 43  4233 4 -inf 38
16023872 39  4142 4 -inf 36
15991808 163  4233 4 -inf 21
15990848 5  3334 8 -1 0
16286976 573  1322 2 -inf 8
16290816 697  4233 4.0 -inf 27.0
16289856 538  3324 6 -inf 29
16289796 520  2213 7 -inf 48
16285956 16392  1303 8 -5 0
16286212 256  0302 8 -1 0
32556032 637  0011 1 -inf -2
16040960 761  0213 3 -inf 1
16024832 2105  1122 4 -inf 16
15766784 53  1314 6 -inf 26
15766536 96  4232 6 -inf 28
15767560 1056  2031 6 -inf 28
11638792 96  3142 6 -inf 34
11574280 33  2233 8 -5 0
11570248 34  3344 8 -3 0
11570185 64  4434 8 -1 0
16548864 17267  2021 0 -inf -10
12485632 17331  2122 0 -inf 4
12358656 17323  4233 2 -inf 14
12357696 25099  3324 4 -inf 11
12357636 25120  2433 4 -inf 27
12357696 17184  1020 4 -inf 27
8163392 16936  4142 4 -inf 30
8131648 16680  3344 5 -inf 28
8131585 16408  4233 5 -inf 30
8130625 536  2213 7 -inf 33
8126785 532  1314 8 -5 0
8126537 256  1112 8 -1 0
16548864 17261  1000 0 -inf -12
24937472 25197  2021 0 -inf -12
20874240 25449  3031 0 -inf -10
18842624 25197  2122 0 -inf 8
18715648 25135  2213 4 -inf 10
18711808 609  3132 4 -inf 34
18648064 673  4233 5 -inf 33
18647104 544  3344 6 -inf 6
18647041 1536  4443 6 -inf 33
18647072 256  1102 6 -inf 37
18401312 4096  0212 8 -1 0
33062914 17168  0011 4 -inf 15
16547842 16916  1122 4 -inf 26
16289794 8724  0102 5 -inf 27
15781890 536  2213 7 -inf 51
15778050 532  1314 8 -5 0
15777802 256  1424 8 -1 0
24937472 17262  0010 0 -inf -12
16548864 19246  1122 1 -inf 10
16290816 25134  2213 5 -inf -2
16286976 515  0102 5 -inf 48
15779072 546  1304 6 -inf 10
15778832 96  0413 6 -inf 21
15779072 160  4233 8 -1 0
16548864 17134  1000 0 -inf -12
24937472 16878  0010 0 -inf -12
16548864 16877  1000 0 -inf -12
24937472 20717  1112 2 -inf -7
24683520 365  0010 2 -inf -7
16294912 4397  4233 3 -inf -6
16293952 298  3324 6 -inf -1
16293892 160  2433 8 -1 0
16548864 16827  1000 0 -inf -12
24937472 17323  0010 0.0 -inf -12.0
24937472 17393  0010 0 -inf -12
16548864 21361  1112 2 -inf -12
16294912 819  1222 2 -inf 8
16290816 8755  0102 3 -inf 14
15782912 625  4231 3 -inf 14
15847424 563  2212 3 -inf 14
15851520 307  1011 3 -inf 14
7725056 309  1122 3 -inf 24
7467008 341  2223 5 -inf 20
7463040 81  1213 5 -inf 27
7455104 73  4142 5 -inf 33
7423360 104  3132 5 -inf 36
7359872 41  3233 6 -inf 52
7357888 37  3334 8 -5 0
7357826 64  1324 8 -1 0
16547904 826  3324 3 -inf 19
16547844 808  2434 3 -inf 14
16547842 556  3444 4 -inf -3
16547841 300  4142 5 -inf -3
16516097 140  2021 5 -inf -6
12452865 148  3031 5 -inf -2
10421249 208  4443 5 -inf -2
10421280 4176  3132 5 -inf 0
10357792 4116  3233 6 -inf 31
10355808 516  1112 6 -inf 37
10101856 768  0102 6 -inf 38
9593952 640  1213 8 -1 0
16548864 863  0102 0 -inf -2
16040960 4703  0213 1 -inf -9
16024576 655  1122 1 -inf 8
15766528 159  2031 1 -inf 16
11637760 287  1011 1 -inf 16
3511296 16415  2213 3 -inf 18
3507456 523  1102 3 -inf 48
3261696 519  3121 4 -inf 3
3327232 23  1314 5 -inf 17
3326984 5  4233 6 -inf 21
3326024 3  1424 8 -5 0
3326020 34  4142 8 -3 0
3294276 3  4243 8 -1 0
24937472 16829  0010 0 -inf -12
16548864 16892  1000 0 -inf -12
24937472 1020  0102 0 -inf -4
24429568 1018  1121 0 -inf -2
24298496 987  2131 0 -inf -2
24232960 8923  0213 4 -inf 1
24216832 579  1302 4 -inf 3
24232960 83  3121 4 -inf 3
24298496 147  2122 4 -inf 10
24171520 643  0213 6 -inf 27
24155392 65  2232 6 -inf 33
24153344 96  0001 6 -inf 34
7900416 160  3233 8 -1 0
16548864 703  4233 2 -inf 14
16547904 574  4142 2 -inf 22
16516160 822  3344 3 -inf -14
16516097 16662  2021 3 -inf -10
12452865 8470  0102 3 -inf -4
11944961 8474  3031 3 -inf 0
9913345 8346  0213 4 -inf -3
9896961 642  1102 4 -inf 3
9651201 704  0213 4 -inf 27
9569281 4096  1011 4 -inf 33
1442817 2048  1122 8 -1 0
16290816 8767  0102 1 -inf 14
15782912 827  0211 1 -inf 14
16028672 8763  2213 3 -inf 1
16024832 625  1102 3 -inf 12
15779072 626  1011 3 -inf 12
7652608 563  4233 5 -inf 37
7651648 565  1314 5 -inf 48
7651400 289  1424 8 -5 0
7651396 34  4142 8 -3 0
7619652 3  4243 8 -1 0
32556032 823  0011 1 -inf -2
16040960 695  0213 3 -inf 24
16024832 118  1314 5 -inf 6
16024584 4130  4233 7 -inf 18
16023624 3  1424 8 -5 0
16023620 34  4142 8 -3 0
15991876 3  4243 8 -1 0
16548864 8799  2021 0 -inf -4
12485632 8767  2122 0 -inf 12
12358656 9015  1020 0 -inf 12
8164352 25143  2213 3 -inf 5
8160512 555  0102 4 -inf -3
7652608 557  1304 4 -inf 1
7652368 105  0413 4 -inf 8
7652608 2089  1122 5 -inf 26
7394560 37  2233 5 -inf 48
7390528 38  1323 7 -inf 52
7390400 7  4243 8 -5 0
7389408 11  3324 8 -3 0
7389348 2  4344 8 -1 0
24937472 16703  2021 0 -inf -10
20874240 17199  2122 0 -inf 12
20747264 9007  0010 0 -inf 12
12358656 24879  1020 0 -inf 12
7914496 643  0213 5 -inf 17
7898368 34  4233 6 -inf 23
7897408 3  1324 8 -5 0
7897156 34  4142 8 -3 0
7865412 3  4243 8 -1 0
24937472 17019  0010 0.0 -inf -10.0
16290816 16991  2213 1 -inf 4
16286016 567  1314 4 -inf 13
16285768 549  3334 6 -inf -6
16285954 262176  4142 7 -inf 52
16254210 16777248  3444 8 -3 0
16254209 262144  1312 8 -1 0
16290816 25135  2213 4 -inf -2
16286976 549  0102 5 -inf 3
15779072 609  1304 5 -inf 4
15778832 161  4233 7 -inf 51
15777872 32  4142 8 -5 0
15746128 1  3334 8 -3 0
15746066 32  3444 8 -1 0
33063936 17211  0011 0 -inf -10
16290816 8891  2213 4 -inf 3
16286976 547  4233 5 -inf 36
16286016 1539  3343 6 -inf 48
16285984 513  1011 6 -inf 48
8159520 576  1323 7 -inf 35
8159392 16  1102 7 -inf 51
7913632 512  2313 8 -5 0
7913760 16  1314 8 -3 0
7913512 256  1424 8 -1 0
16286976 599  1314 4 -inf -8
16286728 610  1413 4 -inf -2
16286976 609  0102 4 -inf 12
15779072 4641  4233 7 -inf 36
15778112 1536  3343 8 -5 0
15778080 16  1314 8 -3 0
15777832 512  1404 8 -1 0
16040960 4895  4233 1 -inf -15
16040000 670  1112 2 -inf 36
15786048 4638  3323 4 -inf 18
15786112 786  2333 4 -inf 22
15786048 788  1011 4 -inf 36
7659584 786  1122 4 -inf 37
7401536 534  2223 4 -inf 37
7397568 786  2021 4 -inf 40
3334336 785  2122 4 -inf 40
3207360 537  2213 5 -inf 23
3203520 533  3334 8 -5 0
3203458 520  2324 8 -3 0
3203334 528  2414 8 -1 0
16548864 17207  1122 0 -inf 10
16290816 17331  4233 2 -inf 12
16289856 25107  1011 2 -inf 12
8163392 25099  3324 4 -inf 11
8163332 24593  2433 4 -inf 26
8163392 8721  2213 5 -inf 48
8159552 560  3344 6 -inf 16
8159489 592  1122 6 -inf 48
7901441 16400  1303 8 -1 0
16548864 17243  2021 0 -inf -10
12485632 21083  1112 2 -inf -10
12231680 851  1011 2 -inf 0
4105216 819  2122 2 -inf 16
3978240 882  2223 4 -inf 5
3974272 594  1213 4 -inf 18
3966336 593  4231 4 -inf 27
4030848 16465  1303 6 -inf 27
4031104 5  2333 7 -inf 20
4031040 36  4142 7 -inf 9
3999296 34  0313 7 -inf 48
3999040 33  1324 8 -3 0
3998788 34  3344 8 -1 0
16548864 16735  1000 0 -inf -12
24937472 17231  0010 0 -inf -12
16548864 17239  1000 0 -inf -12
20874240 8799  2122 0 -inf 14
20747264 8923  2213 4 -inf 5
20743424 2067  4233 7 -inf 22
20742464 48  3344 7 -inf 25
20742401 1040  4443 7 -inf 48
20742432 512  1304 8 -3 0
20742192 16384  0403 8 -1 0
32556032 815  0011 1 -inf -2
16040960 823  1121 1 -inf -2
15909888 886  2131 1 -inf -2
15844352 890  3121 1 -inf -2
15909888 892  2131 1 -inf -2
15844352 861  3121 1.0 -inf -2.0
15909888 733  0213 3 -inf -7
15893760 31  2122 3 -inf 16
15766784 91  1324 4 -inf 15
15766532 48  2233 6 -inf 42
15762500 17  1011 6 -inf 34
7636036 257  1102 8 -3 0
7390276 32  3344 8 -1 0
16040960 607  1121 1 -inf -2
15909888 351  2131 1 -inf -2
15844352 4383  4233 3 -inf 16
15843392 8222  3122 4 -inf 30
15781952 29  3334 6 -inf 30
15781890 272  0212 6 -inf 32
15773698 24  2213 6 -inf 52
16548864 17323  1000 0 -inf -12
24937472 9131  2021 0 -inf -4
16548864 16765  1000 0 -inf -12
16548864 8511  1122 0 -inf 12
16290816 8543  2223 2 -inf 12
16548864 894  0102 0 -inf -2
16040960 1018  1121 0 -inf -2
16040960 687  0213 3 -inf 6
16290816 17071  2213 4 -inf 6
20874240 17085  4233 2 -inf 10
12485632 17019  4232 0 -inf 6
16548864 17083  4233 2 -inf 12
16547904 17171  1122 2.0 -inf 12.0
16040960 893  1121 0 -inf -2
16548864 9007  1122 0 -inf 10
16290816 9067  2223 2 -inf 0
16548864 16575  4233 2 -inf 10
16547904 16655  1122 2 -inf 10
16040960 575  1122 1 -inf 14
16548864 16703  1122 0 -inf 12
16290816 16765  2223 1 -inf -10
16548864 8891  1122 0 -inf 10
16290816 8923  2213 4 -inf -2
16548864 4671  4233 1 -inf 3
16547904 814  1122 2 -inf 12
16290816 9007  1011 0 -inf 12
16290816 16575  4233 2 -inf 10
16548864 17211  1122 0 -inf 10
16290816 17243  2223 1 -inf -12
16548864 8829  2021 0 -inf -4
12485632 12861  0102 0 -inf -4
24937472 21301  1112 2 -inf -12
16548864 25147  1122 0 -inf 10
16290816 270907  0102 2 -inf 14
24937472 8829  0102 0 -inf -4
24429568 893  0001 0 -inf -2
33062976 16919  0011 2 -inf 7
16547904 8727  1122 2.0 -inf 12.0
16040960 4926  1000 0 -inf -4
24937472 893  0102 0 -inf -2
24429568 4925  4233 1 -inf -19
16548864 17079  4233 2.0 -inf 12.0
16547904 16663  1122 2 -inf 10
16290816 9078  2223 1.0 -inf -11.0
24937472 16766  0010 0 -inf -12
16547904 16698  3324 3 -inf 9
33062976 16667  3324 3 -inf 1
33062916 20497  2413 6 -inf 31
16290816 9019  1011 0 -inf 12
33062976 795  3324 3 -inf 2
16547844 785  2434 3 -inf 14
16547842 16657  1122 4 -inf 5
16289794 8465  3433 4 -inf 27
16289856 24593  1011 4 -inf 26
8163392 8465  2021 4 -inf 27
4100160 8217  2213 7 -inf 18
4096320 18  3344 7 -inf 34
4096257 80  1122 7 -inf 51
3838209 512  0102 8 -5 0
3330305 16  1314 8 -3 0
3330057 256  1424 8 -1 0
8164352 8893  2213 4 -inf 8
8160512 549  0102 5 -inf 5
7652608 53  1314 6 -inf 22
7652360 65  4232 6 -inf 27
7653384 1025  3233 7 -inf 42
7651400 65537  1121 8 -5 0
7520328 32  3344 8 -3 0
7520265 1024  4443 8 -1 0
16290816 262959  2212 2 -inf -2
16294912 621  4231 2 -inf 4
16359424 685  1213 4 -inf 23
16351488 169  3122 4 -inf 18
16290048 1161  2031 4 -inf 23
12161280 1037  2233 6 -inf 48
12157248 5  3334 8 -1 0
33062916 16688  2434 3.0 -inf 21.0
33062914 8496  0011 4 -inf -16
16547842 16688  3444 5 -inf -7
16547841 816  4142 5 -inf 11
16516097 776  1122 5 -inf 27
16258049 280  1011 5 -inf 28
8130625 16648  1112 5 -inf 30
7876673 16644  2010 5 -inf 29
12070977 16642  1011 5 -inf 30
3944513 16394  3324 7 -inf 52
3944453 512  2213 8 -5 0
3940613 16384  1303 8 -1 0
16548864 21039  1112 2.0 -inf 4.0
16294912 591  4231 2 -inf 6
16359424 95  3122 2 -inf 16
16297984 591  1202 2 -inf 14
16306176 839  2223 3 -inf -4
16302208 581  2313 5 -inf -15
16302336 582  4142 5 -inf 0
16270592 2566  4233 7 -inf 27
16269632 520  3324 8 -3 0
16269572 528  2414 8 -1 0
16289856 783  4142 2 -inf 21
16258112 791  4243 2 -inf 26
16257120 915  1011 2 -inf 26
8130656 917  3334 4 -inf 26
8130594 17040  3424 5 -inf 29
8130596 17152  2223 5 -inf 30
8126628 16912  1112 5 -inf 32
7872676 784  2021 5 -inf 34
3809444 536  2313 7 -inf 52
3809572 16408  1303 8 -5 0
3809828 16  1211 8 -3 0
4063780 8  0304 8 -1 0
24937472 17325  0010 0 -inf -12
20874240 17273  3031 0 -inf -8
18842624 17337  2122 0 -inf 10
18715648 17085  2213 4 -inf 18
18711808 89  0102 4 -inf 32
18203904 27  4233 6 -inf 30
18202944 58  3324 6 -inf 42
18202884 17  2433 7 -inf 16
18202944 9  1304 7 -inf 30
18202704 5  3334 8 -1 0
16548864 18750  1122 1 -inf 10
16290816 16671  1011 1 -inf 12
8164352 24607  2213 5 -inf 14
8160512 81  4232 5 -inf 18
8161536 19  3233 5 -inf 48
8159552 11  1324 8 -5 0
8159300 2  3344 8 -1 0
16547904 16925  3334 4 -inf 16
16547842 17168  1122 4 -inf 27
16289794 262928  2212 6 -inf 25
16293890 16400  1213 7 -inf 10
16285954 8208  1011 8 -5 0
8159490 8  1304 8 -3 0
8159250 4  0414 8 -1 0
24937472 21054  1112 2 -inf -2
24683520 573  0011 2 -inf 8
8168448 605  4231 2 -inf 8
8232960 636  1122 2 -inf 14
7974912 380  2223 4 -inf 15
7970944 120  2322 4 -inf 14
7974912 58  4142 4 -inf 24
7943168 306  0102 4 -inf 24
7435264 305  2233 4 -inf 24
7431232 561  1213 6 -inf 15
7423296 562  3344 6 -inf 26
7423233 522  4433 6 -inf 12
7423296 518  1304 7 -inf 37
7423056 10  3324 8 -1 0
16040960 735  0213 2 -inf 1
16024832 2079  1122 3 -inf 16
15766784 527  2031 3 -inf 22
11638016 589  3132 3 -inf 22
11574272 653  2213 4 -inf 31
11570432 76  1011 4 -inf 33
3443968 200  1122 4 -inf 32
3185920 208  1324 6 -inf 34
3185668 512  2414 6 -inf 42
3185672 256  1404 8 -1 0
12485632 20603  1112 2 -inf -4
12231680 2107  4233 4 -inf 16
12230720 297  2122 4 -inf 22
12103744 57  1213 4 -inf 48
12095808 58  1324 6 -inf 48
12095556 40  2213 7 -inf 33
12091716 48  0102 7 -inf 52
11583812 17  4142 8 -5 0
11552068 513  1304 8 -3 0
11551828 2  3344 8 -1 0
24937472 9039  0102 0 -inf -4
24429568 8543  1121 0 -inf -4
24298496 8607  2111 0 -inf -4
24429568 8638  1122 1 -inf -7
24171520 506  2221 1 -inf -2
24298496 443  4233 3 -inf 12
24297536 279  0212 3 -inf 14
24289280 4119  1213 4 -inf 24
24281344 38  2122 4 -inf 23
24154368 100  0001 4 -inf 24
7901440 1060  2233 6 -inf 52
7897408 1024  3343 8 -1 0
33062916 8752  0011 4 -inf -6
16547844 8496  2434 4.0 -inf 29.0
16547842 9488  3444 5 -inf -10
16547841 9360  4443 5 -inf -15
16547872 12304  0102 5 -inf -4
16039968 73744  1122 7 -inf 34
15781920 256  2223 7 -inf 50
15777952 8  0213 7 -inf 52
15761824 4  4142 7 -inf 51
15729920 64  1324 8 -1 0
8164352 9015  1110 0.0 -inf 12.0
16289856 8731  2213 4 -inf 48
16286016 16403  1303 6 -inf 48
16286272 34  0313 7 -inf 23
16286016 36  4142 7 -inf 23
16253952 160  4233 8 -1 0
12485632 17115  3031 0 -inf -10
10454016 17111  3132 0 -inf 10
10390528 983  1122 0 -inf 12
10132480 1014  1011 0 -inf 12
2006016 766  2213 2 -inf 22
2002176 250  1324 3 -inf 15
2001924 672  2413 7 -inf 52
2002176 1  1314 7 -inf 52
2001928 32  3233 8 -5 0
1999944 1  1424 8 -3 0
1999940 32  3344 8 -1 0
32556032 319  0011 1 -inf -2
16040960 351  1121 1 -inf -2
15909888 415  2131 1 -inf -2
15844352 911  3121 1 -inf -2
15909888 671  0213 3 -inf 5
15893760 62  2122 3 -inf 14
15766784 94  4232 3 -inf 20
15767808 218  1324 4 -inf 12
15767556 320  2223 8 -1 0
24937472 17269  0010 0 -inf -12
16548864 17141  1000 0 -inf -12
24937472 21109  1112 2 -inf -7
24683520 630  4231 2 -inf 4
24748032 694  1213 4 -inf 14
24740096 58  1324 6 -inf 15
24739844 288  0102 7 -inf 42
24231940 64  4142 8 -1 0
16290816 17083  2233 2 -inf 12
16286784 17163  3322 2 -inf 10
16290816 262923  2212 4 -inf -5
16294912 586  4231 4 -inf 8
16359424 526  0102 4 -inf 18
15851520 30  3132 4 -inf 20
15788032 29  1213 4 -inf 25
15780096 30  1011 4 -inf 27
7653632 526  1304 5 -inf -1
7653392 76  0413 5 -inf 27
7653632 200  1122 5 -inf 32
7395584 208  4142 5 -inf 34
7363840 200  1324 5 -inf 33
7363588 16  2414 8 -3 0
7363592 256  1424 8 -1 0
16548864 17055  1122 0.0 -inf 24.0
16290816 8863  2213 4 -inf 8
16286976 54  1314 6 -inf 10
16286728 36  4231 6 -inf 15
16351240 96  1011 6 -inf 25
8224776 33  1413 6 -inf 27
8225024 1025  1323 6 -inf 27
8224896 65  3132 6 -inf 28
8161408 5  3233 6 -inf 47
8159424 9  2313 7 -inf 23
8159552 17  2021 7.0 -inf 34.0
4096320 9  4142 7 -inf 25
4064576 17  4243 7 -inf 42
4063584 513  1304 7 -inf 29
4063344 257  1122 7 -inf 52
3805296 2  0414 8 -5 0
3805288 1  1424 8 -3 0
3805284 2  4344 8 -1 0
16548864 21047  1112 2 -inf -1
16294912 311  1222 2 -inf 12
16290816 183  4233 4 -inf 18
16289856 275  1011 4 -inf 18
8163392 306  1112 4 -inf 16
7909440 58  3324 6 -inf 22
7909380 1040  2233 7 -inf 18
7905348 48  1213 7 -inf 48
7897412 1040  3343 8 -5 0
7897380 8  1304 8 -1 0
16516160 16446  3344 3 -inf -12
16516097 16910  4233 3 -inf 26
16515137 16918  1122 3 -inf 26
16257089 16910  2213 5 -inf 29
16253249 524  3323 6 -inf 10
16253313 522  2324 8 -5 0
16253189 16384  1303 8 -1 0
24937472 17270  0010 0 -inf -12
16290816 17269  2223 1 -inf -12
16286848 16947  2333 2 -inf 12
16286784 16939  1011 2 -inf 12
8160320 16947  3332 2 -inf 14
8162304 17187  3222 2 -inf 12
8164352 17250  2223 3 -inf -1
8160384 16932  2313 6 -inf 42
8160512 16416  1303 7 -inf 33
8160768 64  0313 7 -inf 35
8160512 4096  2031 8 -1 0
24937472 21053  1112 2 -inf -1
24683520 317  1222 2 -inf 12
24679424 441  4233 4 -inf 18
24678464 29  3334 6 -inf 29
24678402 520  2213 7 -inf 5
24674562 516  1314 7 -inf 12
24674314 16384  0011 8 -5 0
8159242 8192  1413 8 -1 0
16290816 8511  1011 0.0 -inf 12.0
8164352 16703  1110 0.0 -inf 26.0
16286848 16693  2322 2 -inf 12
16290816 16445  2213 4 -inf 3
16286976 89  4232 4 -inf 14
16288000 85  1314 6 -inf 25
16287752 129  1413 6 -inf 27
16288000 160  3233 8 -1 0
18842624 17141  3132 0 -inf 10
18779136 17133  0010 0 -inf 10
10390528 17385  2122 0 -inf 10
10263552 17393  1020 0 -inf 10
6069248 17269  2223 2 -inf 14
6065280 17201  3222 2 -inf 14
6067328 25137  4233 2 -inf 28
6066368 9009  0102 2 -inf 41
5558464 809  1112 3 -inf 40
5304512 313  2021 3 -inf 40
1241280 569  1213 5 -inf 39
1233344 570  2324 6 -inf 52
1233220 552  1304 8 -5 0
1232980 1  4142 8 -3 0
1201236 2  3344 8 -1 0
16547904 16923  3324 3.0 -inf 14.0
16547844 16976  4142 5 -inf 21
16516100 16904  1122 5 -inf 27
16258052 16648  2423 5 -inf 29
16258176 16656  1011 5 -inf 30
8131712 16648  1112 5 -inf 32
7877760 16396  2213 7 -inf 52
7873920 4  1304 7 -inf 51
7873680 8  2324 8 -1 0
12239872 4923  4233 2 -inf 0
12238912 4666  0213 4 -inf 19
12222784 550  2122 4 -inf 15
12095808 54  1314 6 -inf 52
12095560 3  1424 8 -5 0
12095556 34  4142 8 -3 0
12063812 33  2434 8 -1 0
20874240 19005  2122 1 -inf 6
20747264 17081  4233 3 -inf 27
20746304 16665  4142 3 -inf 26
20714560 16921  0010 3 -inf 27
12325952 17169  1020 3 -inf 27
8131648 16917  2213 5 -inf 48
8127808 16401  1303 7 -inf 37
8128064 32  3344 8 -1 0
16548864 21023  4233 2 -inf 26
16547904 798  1112 2 -inf 26
16293952 797  3334 4 -inf 16
16293890 664  1213 7.0 -inf 12.0
16285954 520  3424 8.0 -7.0 0.0
16285956 528  0102 8 -3 0
15778052 520  1304 8 -1 0
16028672 16955  2232 1 -inf 14
16026624 17017  1122 1 -inf 14
15768576 17257  2223 2 -inf 8
15764608 524841  1011 3 -inf 14
7638144 16937  3233 3 -inf 29
7636160 16933  2313 5 -inf 48
7636288 49  1102 6 -inf 5
7390528 41  0203 6 -inf 52
7374656 42  1324 8.0 -5.0 0.0
7374404 1  0302 8.0 -3.0 0.0
7390276 2  3344 8 -1 0
24937472 17022  2021 0 -inf -10
20874240 17270  3031 0 -inf -10
18842624 25206  2122 0 -inf 8
18715648 25270  2213 5 -inf 18
18711808 112  3132 5 -inf 33
18648320 81  0010 5 -inf 33
10259712 82  1102 5 -inf 34
10013952 74  1324 8 -1 0
16289856 813  3334 4 -inf 5
16289794 816  4142 4 -inf 29
16258050 785  3433 4 -inf 27
16258112 16913  2213 4 -inf 28
16254272 262673  0102 6.0 -inf 37.0
15746368 560  3344 7 -inf 4
15746305 520  4233 8 -5 0
15745345 516  1304 8 -3 0
15745105 8  3324 8 -1 0
33062916 17184  0011 4 -inf -6
16547844 17153  2414 3 -inf 21
16547848 16901  1413 6 -inf 37
16548096 514  1304 7 -inf 3
16547856 576  0102 7 -inf 12
16039952 2  0213 7 -inf 33
16023824 1  1324 7 -inf 51
16023572 64  4142 8 -1 0
16547844 16944  2433 4 -inf 22
16547904 16688  3344 5.0 -inf 11.0
16547841 16720  1122 5 -inf 27
16289793 8464  4434 5 -inf 28
16289794 8960  1011 5 -inf 28
8163330 24832  2021 5 -inf 29
4100098 24584  2213 5 -inf 33
3833858 8192  0102 8 -5 0
3325954 256  3424 8 -1 0
16548864 16766  1000 0 -inf -12
24937472 894  0102 0 -inf -2
24429568 958  4233 1 -inf -15
24428608 8734  1122 3 -inf 29
24170560 790  0211 3 -inf 26
24416320 662  0001 3 -inf 26
8163392 666  3324 6 -inf 30
8163332 768  2223 6 -inf 32
8159364 16896  0100 6 -inf 32
24412292 16640  0001 6 -inf 32
8159364 768  0100 6 -inf 32
24412292 528  2313 8 -5 0
24412420 16400  1303 8 -1 0
15782912 638  4232 1 -inf 14
15783936 762  0213 3 -inf 14
15767808 118  1314 5 -inf 25
15767560 67  2031 5 -inf 32
11638792 98  3142 5 -inf 33
11574280 35  2233 7 -inf 52
11570248 37  3334 8 -5 0
11570186 1  1011 8 -3 0
3441672 64  1424 8 -1 0
24429568 8827  0213 3 -inf 6
24413184 691  4233 3 -inf 12
24412224 16403  0001 3 -inf 12
8159296 16434  1122 3 -inf 12
7901248 17426  3343 4 -inf 25
7901216 530  2213 4 -inf 48
7897376 529  0102 5 -inf -2
7389472 592  4344 5 -inf 26
7389441 2576  4433 5 -inf 30
7389248 4624  0213 5 -inf 42
7373120 16384  2010 5 -inf 48
11567424 262144  1312 8 -1 0
16547904 16446  4142 2 -inf 27
16516160 16686  3344 3 -inf -12
16516097 16716  4443 3 -inf -12
16516128 16654  1122 3 -inf -10
16258080 8462  4233 3 -inf 26
16257120 8470  1011 3 -inf 25
8130656 24598  2213 7 -inf 27
8126816 20  1314 8 -1 0
16548864 831  1122 0.0 -inf 14.0
16290816 955  2233 2 -inf 12
16286784 826  0102 3 -inf -10
15778880 8762  0213 4 -inf 48
15762752 561  1011 4 -inf 48
7636288 16433  1303 7 -inf 23
7636544 34  3344 7 -inf 48
7636481 64  1122 8 -1 0
16290816 9131  4233 2 -inf 12
16289856 8973  3334 4 -inf 25
16289794 8472  1011 4 -inf 26
8163330 24600  2221 4 -inf 25
8290306 24596  2122 4.0 -inf 25.0
8290306 8472  2122 4.0 -inf 25.0
8163330 8220  2213 6 -inf 29
8159490 24  1102 8 -5 0
7913730 20  1314 8 -1 0
16547904 16954  3324 4 -inf -2
16547844 17184  1000 4 -inf -6
24936452 8992  2031 4 -inf -7
20807684 25120  2434 4 -inf 20
20807682 26112  3444 5 -inf -6
20807681 27136  3122 6 -inf 30
20746241 16400  0010 6 -inf 30
12357633 8208  2213 8.0 -8.0 0.0
12353793 8  4434 8.0 -6.0 0.0
12353794 4  1314 8 -1 0
16290816 17262  2223 2 -inf 5
16286848 17004  2313 4 -inf -2
16286976 120  0102 4 -inf 17
15779072 58  4233 4 -inf 27
15778112 554  3324 6 -inf 48
15778052 1536  1304 7 -inf 51
15777812 2048  2433 8 -3 0
15777872 1024  3343 8 -1 0
16547904 287  1122 2.0 -inf 21.0
16289856 318  4142 2.0 -inf 26.0
16258112 317  3334 4 -inf 29
16258050 184  4233 6 -inf 30
16257090 272  1011 6 -inf 32
8130626 24  2213 6 -inf 52
8126786 20  1314 8 -1 0
16040960 894  1121 0 -inf -2
15909888 4734  0213 1 -inf -10
15893760 2606  1322 3 -inf 8
15897600 682  2233 5 -inf 28
15893568 770  2122 5 -inf 27
15766592 518  1011 5 -inf 30
7640128 22  2223 5 -inf 31
7636160 262  1112 5 -inf 34
7382208 261  3334 7 -inf 44
7382146 4  2313 8 -5 0
7382274 64  1324 8 -1 0
16548864 18975  4233 2 -inf 7
16547904 17184  3344 5 -inf -9
16547841 16944  4142 5 -inf 20
16516097 784  1122 5 -inf 28
16258049 776  1011 5 -inf 27
8131585 524  4433 5 -inf 31
8131648 16396  2213 7 -inf 52
8127808 16  1314 8 -5 0
8127560 512  1404 8 -3 0
8127568 16384  0403 8 -1 0
24937472 19245  1122 0 -inf -4
24679424 17198  0011 1 -inf 12
8164352 17197  1112 1 -inf 14
7910400 17205  2011 1 -inf 16
3978240 17197  3031 1 -inf 16
1946624 17198  3132 1 -inf 16
1883136 17322  3233 3 -inf 29
1881152 16666  3323 3 -inf 32
1881216 16414  1213 5 -inf 50
1873280 522  2324 8 -5 0
1873156 16384  1303 8 -1 0
16290816 24887  1011 0.0 -inf 12.0
8164352 24891  2021 0.0 -inf 12.0
4101120 24954  2223 2 -inf -1
4097152 24630  2313 5 -inf 8
4097280 19  4233 5 -inf 48
4096320 21  1314 8 -5 0
4096072 2  3344 8 -3 0
4096009 4  4434 8 -1 0
32556032 635  0011 1 -inf -2
16040960 631  1121 1 -inf -2
15909888 4663  0213 2 -inf -3
15893504 16423  1011 2 -inf -3
7767040 524327  2031 2 -inf 14
3638272 16423  2122 2 -inf 14
3511296 16483  3132 2 -inf 18
3447808 355  2223 4 -inf 33
3443840 67  1102 4 -inf 33
3198080 35  3233 6 -inf 52
3196096 37  3334 8 -5 0
3196034 64  2324 8 -1 0
32556032 607  0011 1.0 -inf -2.0
16040960 847  1121 1.0 -inf -2.0
15909888 719  0213 3 -inf 12
15893760 87  1314 5 -inf 7
15893512 4099  4233 7 -inf 52
15892552 4  3334 8 -1 0
24937472 17273  0010 0 -inf -12
16548864 19257  1122 1 -inf 10
16290816 262969  2212 3 -inf -5
16294912 632  4231 3 -inf 4
16359424 880  0102 3 -inf 14
15851520 872  3122 3 -inf 14
15790080 936  2233 5 -inf 36
15786048 784  1011 5 -inf 37
7659584 656  1213 8.0 -8.0 0.0
7651648 512  1304 8 -1 0
24937472 17261  0010 0 -inf -12
16548864 25197  2021 0 -inf -12
12485632 25205  2122 0 -inf 4
12353536 27189  1122 0 -inf 4
12095488 17012  2213 1 -inf -17
12091648 616  0102 2 -inf 12
11583488 680  0213 3 -inf 11
11567360 9  1011 3 -inf 25
3440896 10  1324 8 -1 0
12485632 17274  3031 0 -inf -8
10454016 17338  2122 0 -inf 10
10327040 9146  4233 2 -inf 25
10326080 8985  3142 2 -inf 26
10261568 8986  0102 3 -inf 3
9753664 790  1112 3 -inf 36
9499712 794  3324 4 -inf 33
9483264 768  1011 4 -inf 32
1356800 528  2213 4 -inf 48
1352960 16400  1303 8 -1 0
8176640 1017  1121 0 -inf -2
8045568 893  0100 0 -inf -2
24298496 8829  0213 1 -inf -10
24282112 4661  4233 2 -inf -8
24281152 816  4142 3 -inf 29
24249408 568  3344 4 -inf 17
24249345 16408  0011 4 -inf 27
7734273 16904  2122 4 -inf 27
7607297 776  1112 4 -inf 29
7353345 648  2213 6 -inf 52
7349505 16  1202 6 -inf 52
7357697 512  1304 8 -1 0
16289856 262931  2212 4 -inf 17
16293952 523  3324 6 -inf 20
16293892 16385  1213 7 -inf 6
16285956 513  1304 7 -inf 24
16285716 257  0102 7.0 -inf 52.0
15777812 32  0414 7.0 -inf 52.0
15777804 64  4142 8 -1 0
16548864 25135  1122 0 -inf 10
8164352 8879  2213 4 -inf 6
8160512 101  1112 4 -inf 6
7906560 99  2031 4 -inf 21
3777792 39  1211 4 -inf 32
4031744 101  3132 4 -inf 32
3968256 39  3233 4 -inf 38
3966272 43  1324 8 -3 0
3966020 34  3344 8 -1 0
24937472 17267  0010 0 -inf -12
16548864 19251  1122 1 -inf 4
16290816 262963  2212 3 -inf -5
16294912 625  4231 3 -inf 4
16359424 1617  0102 3 -inf 12
15851520 1609  1222 3 -inf 12
15847424 1547  1011 3 -inf 14
7720960 1051  2221 3 -inf 14
7847936 1047  2122 3 -inf 12
7847936 1291  1112 3 -inf 12
7593984 1322  2122 3 -inf 14
7467008 1070  2233 5 -inf 39
7462976 50  1213 6 -inf 15
7455040 19  4142 7 -inf 20
7423296 21  3334 8 -5 0
7423234 8  1304 8 -3 0
7422994 256  3424 8 -1 0
32556032 827  0011 1 -inf -2
16040960 4667  4233 3 -inf 16
16040000 539  0213 5 -inf 20
16023872 541  3334 7 -inf 26
16023810 532  1314 7.0 -inf 52.0
16023562 16384  1000 7.0 -inf 52.0
24412170 524288  1102 8 -1 0
24937472 17239  0010 0 -inf -12
24937472 21263  1112 2 -inf -12
24683520 791  1222 2 -inf 8
24679424 854  2223 3 -inf -4
24675456 594  4232 3 -inf 4
24676352 338  3222 3 -inf 8
24678400 594  0010 3 -inf 8
16289792 658  2213 5 -inf 15
16285952 20  1314 8 -1 0
16548864 17325  1000 0.0 -inf -12.0
24937472 21165  4233 4 -inf 8
24936512 17032  3322 4 -inf 10
24940544 904  4142 4 -inf 26
24908800 900  4233 4 -inf 14
24907840 16772  2031 4 -inf 27
20779072 16532  2213 7 -inf 52
20775232 512  1304 8 -3 0
20774992 256  1122 8 -1 0
24937472 17394  0010 0 -inf -12
16548864 17142  1000 0 -inf -12
24937472 21174  4233 3 -inf 6
24936512 17170  3322 3 -inf 8
24940544 8978  4142 3 -inf 23
24908800 8977  4243 3 -inf 13
24907808 8849  2213 6 -inf 41
24903968 18  4344 7 -inf 24
24903937 10  1324 8 -1 0
33062976 17171  4142 2 -inf -5
33031168 21011  4233 3 -inf -9
33030208 262674  2021 4 -inf 28
28966976 770  2122 4 -inf 16
28840000 769  3343 4 -inf 15
28839968 517  2233 4 -inf 16
28835936 641  0011 4 -inf 29
12320864 642  1122 4 -inf 28
12062816 518  1011 4 -inf 30
3936352 16390  2213 6 -inf 52
3932512 1  1324 8 -3 0
3932260 2  3344 8 -1 0
16040960 701  4233 3 -inf 27
16040000 793  1112 3 -inf 22
15786048 789  3334 5 -inf 19
15785986 776  1011 5 -inf 37
7659522 648  1213 8 -5 0
7651586 16  1314 8 -3 0
7651338 512  1404 8 -1 0
16548864 17270  1000 0.0 -inf -12.0
20874240 16991  4232 0 -inf 6
20875264 17055  2122 0 -inf 12
20748288 17295  0010 0 -inf 10
12359680 17358  1120 0 -inf 10
16291840 18318  3233 2 -inf 15
16289856 17050  3324 5 -inf 28
16289796 262672  2021 6 -inf 29
12226564 768  2433 6 -inf 30
12226624 272  2111 6 -inf 31
12357696 528  2213 6 -inf 52
12353856 520  3324 8 -5 0
12353796 528  1102 8 -3 0
12108036 520  1304 8 -1 0
16290816 262463  2212 2 -inf 6
16294912 95  4231 2 -inf 10
16359424 343  0102 2 -inf 12
15851520 347  1011 2 -inf 14
7725056 4379  3132 3 -inf 16
7661568 539  3233 3 -inf 29
7659584 787  4142 3 -inf 37
7627840 539  1213 4 -inf 20
7619904 570  3344 5 -inf 41
7619841 540  4434 5 -inf 42
7619586 664  0213 5 -inf 52
7603458 20  1314 8 -1 0
16547904 783  1122 2 -inf 12
16289856 907  3324 3 -inf -11
16289796 8705  2433 5 -inf 29
16289856 8706  0102 6 -inf 51
15781952 258  3324 7 -inf 52
15781892 1  2233 8 -5 0
15777860 2  3344 8 -1 0
16293952 922  3324 4 -inf -8
16293892 848  2423 6 -inf 28
16294016 768  0102 6 -inf 31
15786112 516  1213 7 -inf 27
15778176 20  1314 8 -1 0
16548864 955  1122 0 -inf 2
16290816 16827  4233 2 -inf 10
16289856 17163  4142 2 -inf 26
16258112 16923  1011 2 -inf 27
8131648 17171  4243 2 -inf 26
8130656 16923  3324 4 -inf 27
8130596 8721  2213 7 -inf 18
8126756 16401  1303 8 -3 0
8127012 2  4344 8 -1 0
16547904 17043  1122 2 -inf 12
16289792 17074  2233 3 -inf 16
16285760 786  3031 3 -inf 17
14254144 788  2021 3 -inf 26
10190912 912  2122 3 -inf 26
10063936 660  1011 3 -inf 29
1937472 404  3334 3 -inf 27
1937410 464  3132 4 -inf 28
1873922 8336  3424 5 -inf 32
1873924 272  2423 5 -inf 32
1874048 8208  2213 6 -inf 52
1870208 512  1304 8 -3 0
1869968 16384  0403 8 -1 0
16548864 891  0102 0.0 -inf -2.0
16040960 4923  4233 2 -inf 1
16040000 822  3342 2 -inf -2
16040960 821  1121 2 -inf -2
15909888 819  4233 2 -inf 12
15908864 691  0213 3 -inf 10
15892736 43  1324 5 -inf 6
15892484 1025  2131 5 -inf 20
15826948 1088  2423 5 -inf 24
15827072 2112  2322 5 -inf 22
15831040 2052  2233 6 -inf 33
15827008 128  3122 6 -inf 35
15765568 256  2212 6 -inf 42
15769664 4  1011 6 -inf 44
7643200 2  1213 6 -inf 52
7635264 4  1314 8 -5 0
7635016 2  3344 8 -3 0
7634953 64  1122 8 -1 0
16289856 8979  1011 2 -inf 12
8163392 8731  2213 4 -inf 48
8159552 16403  1303 6 -inf 48
8159808 34  0313 7.0 -inf 23.0
8159552 33  1324 8 -5 0
8159300 1025  3343 8 -1 0
16040960 8255  0213 3 -inf 24
16024584 67  1121 5.0 -inf 30.0
15893512 7  4233 5 -inf 32
15892552 131  1413 6 -inf 52
15892800 34  1324 7 -inf 52
15892548 1026  2131 8 -5 0
15827012 1025  3343 8 -1 0
12485632 17269  3031 0 -inf -10
10454016 17141  3132 0 -inf 10
10390528 21173  3233 4 -inf 26
10388544 16908  2122 4 -inf 28
10261568 16652  3323 4 -inf 30
10261632 780  1112 4 -inf 32
10007680 16652  1011 4 -inf 32
1881216 16412  1213 6 -inf 52
1873280 520  2324 8 -5 0
1873156 16392  1304 8 -3 0
1868804 256  1102 8 -1 0
33031232 17043  0011 2 -inf -3
16516160 17171  1100 2.0 -inf 20.0
33031232 16923  4243 2 -inf 16
33030240 17171  4342 2.0 -inf 20.0
33031232 8979  0011 2 -inf -3
16516160 25107  1122 2 -inf 12
16258112 279059  2021 2 -inf 29
12194880 16917  2213 5 -inf 48
12191040 16401  1303 7 -inf 37
12191296 2  0313 7 -inf 52
12191040 4  3334 8 -5 0
12190978 128  4233 8 -1 0
12485632 21107  1112 2 -inf -10
12231680 16499  1011 2 -inf 0
4105216 16563  4233 4 -inf 14
4104256 16395  3324 6 -inf 17
4104196 513  1213 6 -inf 48
4096260 514  1304 7 -inf 37
4096020 16386  0403 7 -inf 48
4096516 64  4142 8 -1 0
24937472 17334  0010 0 -inf -12
16548864 17394  1000 0 -inf -12
16548864 21174  4233 3 -inf 25
16547904 17170  1122 3 -inf 26
16289856 262930  2212 5 -inf 28
16293952 274  0111 5 -inf 29
16031808 770  1122 5 -inf 29
15773760 16642  1011 5 -inf 30
7647296 16402  2213 5 -inf 51
7643456 524306  1100 6 -inf 48
24158528 524298  3324 8 -5 0
24158468 16384  1303 8 -3 0
24158724 256  1202 8 -1 0
24937472 17085  4233 2 -inf 7
24936512 16926  0010 2.0 -inf 26.0
16547842 16664  1122 4.0 -inf 26.0
16289794 16660  1011 4 -inf 26
8163330 16720  2223 6 -inf 31
8159362 16896  1122 6 -inf 32
7901314 16400  2313 7 -inf 33
7901442 16392  1303 7 -inf 52
7901698 4  2233 8 -5 0
7897666 128  0313 8 -1 0
24937472 17333  0010 0 -inf -12
16548864 9141  1122 0 -inf -3
16290816 9201  4232 0 -inf 2
16291840 9193  4142 0 -inf 10
16260096 9201  1011 0 -inf 10
8133632 9139  2233 2 -inf 12
7867392 12819  4233 2 -inf -2
7866432 24594  2031 2 -inf -11
3737664 24593  0111 2 -inf 12
3475520 532497  3122 2 -inf 16
3414080 532498  2213 4 -inf 21
3410240 16777234  3344 4 -inf 39
3410177 16777296  4434 5 -inf 19
3410178 16777224  1304 5 -inf 25
3409938 16777220  0414 5 -inf 48
3409930 524288  1413 5 -inf 42
3410178 16384  1303 5 -inf 51
3410434 256  3424 8 -5 0
3410436 8192  0313 8 -1 0
16548864 19223  1122 1 -inf 6
16290816 25111  2213 2 -inf -4
16286720 8715  1011 2 -inf -10
8160256 4619  4233 4 -inf 28
8159296 16394  3324 6 -inf 48
8159236 8192  2413 8 -1 0
16040960 887  1121 0 -inf -2
15909888 759  0213 2 -inf -10
15893760 123  1324 3 -inf 4
15892480 81  2122 3 -inf 8
15765504 2065  4142 4.0 -inf 25.0
15733760 48  2233 4 -inf 28
15729728 288  3344 5 -inf 4
15729665 8192  1011 5 -inf 29
7603201 256  4434 5 -inf 33
7603202 16384  3424 5 -inf 34
7603204 8192  2413 8 -1 0
16548864 25143  1122 0 -inf 4
16286976 51  4233 5 -inf 28
16286016 43  1324 8 -5 0
16285764 34  4142 8 -3 0
16254020 3  4243 8 -1 0
24937472 17086  4233 2 -inf 10
24936512 798  1122 2 -inf 26
24678464 797  3334 4 -inf 27
24678402 16920  0010 4 -inf 27
16289794 8728  2213 8.0 -9.0 0.0
16285954 16400  1303 8 -1 0
24937472 21299  1112 2 -inf -12
24683520 571  4233 2 -inf 16
24682560 315  3324 3 -inf 4
24682500 4145  2433 6 -inf 30
24682560 1040  3343 7 -inf 32
24682528 512  1213 7 -inf 52
24674592 16  4344 8.0 -8.0 0.0
24674561 512  0102 8 -5 0
24166657 16  1314 8 -3 0
24166409 256  1424 8 -1 0
24937472 8830  0102 0 -inf -4
24429568 8829  0213 1 -inf -10
24413184 16501  0001 1 -inf -10
8160256 16499  0100 1 -inf -10
24413184 16491  0001 1 -inf -10
8160256 16493  0100 1 -inf -10
8160256 8299  0102 1 -inf -4
7652352 8363  0213 3 -inf 5
7636224 39  2031 3 -inf 32
3507456 102  3132 3 -inf 32
3443968 39  3233 3 -inf 38
3441664 163  4233 3 -inf 43
3440704 34  3031 4 -inf 4
1409088 1026  3343 4 -inf 32
1409056 4  4333 4 -inf 37
1409088 2  1112 4 -inf 48
1155136 1  3334 8 -5 0
1155074 32  3444 8 -3 0
1155073 64  1222 8 -1 0
24936512 17156  3322 4 -inf 25
24940544 25092  2213 7 -inf 48
24936704 16  1314 8 -5 0
24936456 256  1112 8 -1 0
16548864 17273  3031 0.0 -inf -4.0
14517248 9081  1122 0 -inf 4
14259200 8829  4232 1 -inf -7
14260224 9077  2223 2 -inf 0
14256256 24629  2313 3 -inf 10
14256384 8242  3222 5 -inf 24
14258432 16434  1303 6 -inf 27
14258688 3  2233 6 -inf 51
14254656 34  0313 7.0 -inf 23.0
14254400 36  4142 7.0 -inf 41.0
14222336 160  4233 8 -1 0
16547848 25089  3031 4 -inf -7
14516232 24593  3122 4 -inf -7
14454792 24833  2231 4 -inf -12
14516232 24705  2021 4 -inf -7
10453000 8833  1413 7 -inf 33
10453248 32  3142 7 -inf 52
10388736 64  1324 8 -1 0
24429568 2877  0001 0 -inf -4
8176640 2875  4233 2 -inf 6
8175680 826  3324 3 -inf 4
8159232 304  1122 3 -inf 8
7901184 16432  2213 3 -inf 20
7897344 16928  4142 3 -inf 16
7865600 16960  1324 4 -inf 10
7865348 16640  0111 4 -inf 4
7603204 768  2423 4 -inf 29
7603328 16896  2021 4 -inf 31
3540096 8704  2313 5 -inf 42
3540224 16  4233 5 -inf 52
3539264 512  1102 8 -5 0
3293504 16  1314 8 -3 0
3293256 256  0212 8 -1 0
16290816 9051  2223 2 -inf 7
16286848 16923  4233 2.0 -inf 12.0
16285888 17171  2322 2.0 -inf 12.0
16289856 17202  1011 2 -inf 12
8163392 18194  3343 3 -inf 26
8163360 16922  2233 3 -inf 27
8159328 17162  3324 5 -inf 1
8159268 16904  2423 5 -inf 27
8159392 8712  2313 7 -inf 52
8159520 16  1314 8 -5 0
8159272 256  1112 8 -1 0
16290816 17199  1011 0.0 -inf 12.0
8164352 17207  1110 0.0 -inf 26.0
16290816 16959  2213 2.0 -inf 8.0
16286976 603  1324 3 -inf -9
16286724 16401  2413 5 -inf 20
16286976 529  4233 5 -inf 48
16286016 530  0102 6.0 -inf 52.0
15778112 532  1314 8 -5 0
15777864 16  1011 8 -3 0
7651400 256  1424 8 -1 0
16290816 821  1011 2 -inf 14
8164352 853  2223 3 -inf 8
8160384 773  1122 4 -inf 18
7902208 833  2223 5 -inf 16
7898240 17  0102 5 -inf 46
7390336 257  0203 6 -inf 51
7374464 64  2324 8 -1 0
33062976 17163  3324 3 -inf 2
33062916 25089  1011 4 -inf -11
24936452 17153  0010 3 -inf 14
16547844 17216  2423 6 -inf 26
16547968 16640  1122 6 -inf 30
16289920 16896  2213 7 -inf 51
16286080 8704  1011 7 -inf 52
8159616 16384  1303 8 -1 0
16040960 955  4233 2 -inf 6
16040000 826  3324 3 -inf 4
16023552 800  1122 3 -inf 8
15765504 560  2233 3 -inf 12
15761472 1552  3343 4 -inf 12
15761440 272  1011 4 -inf 23
7634976 8208  2021 4 -inf 29
3571744 8704  2122 4 -inf 30
3444768 16896  4342 4 -inf 30
3445760 524800  1102 8 -1 0
33062976 8731  3324 3 -inf 4
33062916 4625  2433 6 -inf 23
33062976 16400  0011 6 -inf 29
16547904 8208  1122 6 -inf 31
16289856 8200  2213 8 -1 0
16548864 17086  4233 2.0 -inf 26.0
16547904 8734  1122 2 -inf 25
16289856 8982  1011 2 -inf 24
8163392 8981  3334 4 -inf 26
8163330 8848  2213 8.0 -4.0 0.0
16548864 17386  1000 0 -inf -12
24937472 19370  4233 2 -inf -13
24908800 16776  4233 4.0 -inf 27.0
24907840 904  1112 4 -inf 29
24653888 17032  2213 6 -inf 52
24650048 262152  1222 7 -inf 52
24645952 4  3334 7 -inf 52
24645890 128  2233 8 -1 0
24937472 19006  4233 1 -inf -18
24936512 8764  3322 2 -inf 10
24940544 9756  2213 3 -inf -18
24936704 1554  2031 4 -inf 12
20807936 1616  1122 4 -inf 14
20549888 624  0010 4 -inf 14
12161280 1584  1011 4 -inf 14
4034816 17456  1303 6 -inf 27
4035072 2080  2233 7 -inf 52
4031040 1024  3343 8 -1 0
24937472 18750  1122 0 -inf -4
24679424 16671  0011 1.0 -inf 12.0
8164352 8479  4233 1 -inf 14
8163392 24607  2213 5.0 -inf 51.0
8159300 32  3344 8 -3 0
8159237 1024  4443 8 -1 0
16290816 9069  2223 2 -inf -15
16286848 9001  2322 2 -inf 10
16290816 8749  0102 3 -inf 14
15782912 805  0212 3 -inf 14
15774720 809  1011 3 -inf 16
7648256 841  2223 5 -inf 25
7644288 25  1213 5 -inf 48
7636352 88  2324 8 -5 0
7636228 520  1102 8 -3 0
7390468 24  0203 8 -1 0
16516160 16942  3344 3 -inf -12
16516097 782  0102 3 -inf -6
16008193 542  4433 3 -inf 20
16008256 541  3334 5 -inf 17
16008194 280  0212 5 -inf 28
16000002 28  1213 5 -inf 33
15992066 152  4233 6 -inf 52
15991106 520  1102 8 -5 0
15745346 516  1304 8 -3 0
15745106 8  3324 8 -1 0
20874240 21053  1112 2 -inf 1
20620288 571  4233 2 -inf 16
20619328 16443  3324 3 -inf 2
20619268 16465  1213 4 -inf -12
20611332 16403  1303 6 -inf 10
20611588 65  2131 6 -inf 14
20546052 96  2423 6 -inf 27
20546176 2080  2333 7 -inf 52
20546112 1  3334 8 -5 0
20546050 32  3444 8 -3 0
20546049 1024  4443 8 -1 0
16548864 20543  1112 2.0 -inf 10.0
16294912 125  4231 2 -inf 7
16359424 373  0102 2 -inf 12
15851520 377  1011 2 -inf 12
7725056 633  1222 2 -inf 14
7720960 1593  2221 2 -inf 14
7847936 1594  2122 2 -inf 14
7720960 2618  2233 4 -inf 10
7716928 312  4142 4 -inf 32
7685184 308  1112 5 -inf 8
7431232 300  2021 5 -inf 10
3368000 556  3344 5 -inf 36
3367937 532  1213 6 -inf 5
3360001 536  4241 8.0 -6.0 0.0
3391745 532  1314 8.0 -4.0 0.0
3391497 16  3122 8.0 -2.0 0.0
16040960 2875  4233 2 -inf 6
16040000 1817  3343 4 -inf 1
16039968 540  1122 4 -inf 27
15781920 600  4344 5 -inf 28
15781889 784  2212 5.0 -inf 36.0
15785985 776  2031 5 -inf 36
11657217 4616  1213 7 -inf 27
11649281 528  4434 8 -5 0
11649282 520  1304 8 -3 0
11649042 4  0414 8 -1 0
14517248 17211  1122 0 -inf 12
14259200 17274  2223 1 -inf -10
14255232 16953  4233 2 -inf 19
14254272 16954  2324 4 -inf 20
14254148 17184  3344 5 -inf -8
14254085 21024  2413 7 -inf 16
14254337 262688  2021 7 -inf 48
10191105 576  2122 7 -inf 52
10064129 16  1314 7 -inf 52
10063881 512  2213 8 -5 0
10060041 16  1302 8 -3 0
10076169 256  1424 8 -1 0
16290816 851  2223 3 -inf -2
16286848 523  4233 4 -inf 20
16285888 771  3031 4 -inf 19
14254272 802  3122 4 -inf 30
14192832 16930  2324 4 -inf 47
14192708 16929  2213 5 -inf 48
14188868 16433  1303 8 -5 0
14189124 1025  3343 8 -1 0
16548864 25330  1000 0 -inf -12
16548864 21362  1112 2 -inf -12
16294912 851  0102 2 -inf -7
15787008 791  4233 2 -inf 20
15786048 915  4142 2 -inf 20
15754240 946  4233 3 -inf 18
15753280 534  1011 3 -inf 35
7626816 786  1122 3 -inf 35
7368768 658  1213 5 -inf 48
7360832 514  1304 6 -inf 48
7360592 4  3334 8 -3 0
7360530 128  3424 8 -1 0
16547904 16667  3324 3 -inf 8
16547844 16409  2433 4 -inf 12
16547904 16440  3344 5 -inf -5
16547841 568  4142 5 -inf 21
16516097 532  4233 5 -inf 27
16515137 524  1112 5 -inf 27
16261185 772  2021 5.0 -inf 30.0
12197953 16644  2122 5.0 -inf 30.0
12070977 16396  2213 8.0 -8.0 0.0
12067137 4  1304 8 -3 0
12066897 128  1213 8 -1 0
16548864 19003  4233 2 -inf 4
16547904 16949  3334 4 -inf 11
16547842 8752  3444 5 -inf -9
16516097 4624  4233 6 -inf 29
16515137 16400  1122 6 -inf 29
16257089 8208  0102 7 -inf 52
15749185 8  2213 8 -5 0
15745345 4  1304 8.0 -2.0 0.0
15745105 128  0413 8 -1 0
12485632 16991  4232 0 -inf 6
12486656 16959  1020 0 -inf 12
8292352 17199  2122 0 -inf 12
8165376 17262  2223 2 -inf 6
8161408 16950  2313 4 -inf 10
8161536 554  1324 6 -inf 26
8161284 48  3233 6 -inf 48
8159300 544  2413 7 -inf 37
8159552 513  1304 7 -inf 32
8159312 514  1102 7.0 -inf 52.0
7913540 1  4142 8 -3 0
7881796 32  3344 8 -1 0
16040960 4669  0213 2 -inf 4
16024832 620  1102 3 -inf 12
15778816 684  4233 4 -inf 12
15777856 776  0212 4 -inf 27
15769664 524  1011 4 -inf 29
7643200 522  3324 6 -inf 52
7643140 16384  1101 6 -inf 52
7905284 262144  1202 8 -1 0
16548864 21305  1112 2 -inf -7
16294912 573  1000 2.0 -inf 12.0
24683520 825  1222 2 -inf 8
24679424 857  2223 4 -inf 12
24675456 281  2333 4 -inf 14
24675392 777  0011 4 -inf 19
8160320 8713  1122 4 -inf 27
7902272 8217  2213 7 -inf 8
7898432 48  3344 7 -inf 51
7898369 8  4434 7 -inf 52
7898370 4  1314 8 -1 0
16040960 947  4233 3 -inf 6
16040000 818  1112 3 -inf 22
15785984 690  1213 4 -inf 17
15778048 42  1324 6 -inf 48
15777796 64  4142 8 -1 0
20874240 17262  3031 0 -inf -10
18842624 17231  3132 0 -inf 10
18779136 16735  2122 0 -inf 12
18652160 16859  0010 0 -inf 10
10263552 17115  1020 0 -inf 12
6069248 17055  2213 4 -inf 33
6065408 523  0102 5 -inf 5
5557504 585  1304 5 -inf 32
5557264 69  0414 5 -inf 32
5557256 70  2021 5 -inf 32
1494024 4102  3233 7 -inf 52
1492040 258  1424 8.0 -4.0 0.0
1492036 1  0201 8.0 -2.0 0.0
1999940 2  3344 8 -1 0
16290816 24763  4233 2 -inf 10
16289856 25099  2213 4 -inf 16
16286016 262659  0102 6 -inf 13
15778112 517  3334 8 -5 0
15778050 16  1314 8 -3 0
16548864 893  0102 0 -inf -2
16040960 957  4233 1 -inf -15
16040000 795  3324 3 -inf 8
16039940 521  0213 5 -inf 42
16023812 16393  1304 6 -inf 33
16023572 16448  4142 7 -inf 52
15991828 512  1102 8 -1 0