16959 33063936  0.0 -inf -10.0 {'0212':(0,-inf,15),'0211':(1,-inf,20),'0213':(0,-inf,18),'0313':(0,-inf,10),'2423':(2,-inf,17),'2433':(0,-inf,12),'2413':(0,-inf,12),'4333':(0,-inf,10),'0413':(0,-inf,10),'1413':(0,-inf,10),'3433':(0.0,-inf,-10.0),'4433':(0,-inf,10)}
33063936 17021  0 -inf 10 {'0011':(0,-inf,10),'1011':(0,-inf,10),'2021':(2,-inf,22),'2011':(0,-inf,12),'2031':(0,-inf,12),'3031':(0,-inf,10),'4031':(0,-inf,10),'0111':(0,-inf,10),'4131':(0,-inf,10),'4232':(0,-inf,20),'4231':(0,-inf,24)}
17021 16548864  0.0 -inf -12.0 {'0212':(0.0,-inf,-4.0),'0213':(0,-inf,18),'0313':(0,-inf,10),'0413':(0,-inf,10),'1413':(0.0,-inf,-12.0),'2423':(0,-inf,10),'2434':(0,-inf,12),'2413':(0,-inf,10),'3332':(1,-inf,9),'3334':(0,-inf,12),'3323':(2,-inf,25),'3322':(2,-inf,20),'4434':(0,-inf,10)}
16548864 17269  0 -inf 12 {'1112':(1,-inf,12),'1121':(2,-inf,28),'1122':(2,-inf,22),'1100':(0,-inf,19),'1000':(0,-inf,12),'2021':(0,-inf,12),'2031':(0,-inf,12),'3031':(0,-inf,12),'4031':(0,-inf,12),'0100':(0,-inf,12),'4131':(0,-inf,12),'4232':(0,-inf,23),'4231':(0,-inf,20)}
17269 24937472  0 -inf -12 {'0212':(0,-inf,-4),'0414':(0,-inf,10),'1312':(0,-inf,-12),'1314':(0.0,-inf,-10.0),'1323':(0,-inf,10),'1322':(2,-inf,18),'2423':(0,-inf,8),'2434':(0,-inf,10),'2414':(0,-inf,10),'3332':(0,-inf,14),'3334':(0,-inf,10),'3323':(0,-inf,10),'3322':(2,-inf,12),'4434':(0,-inf,10)}
24937472 17021  0 -inf 10 {'1110':(0,-inf,12),'1112':(0,-inf,19),'1121':(2,-inf,20),'1122':(2,-inf,20),'0010':(0.0,-inf,12.0),'2021':(0,-inf,10),'2010':(0,-inf,12),'2031':(0,-inf,10),'3031':(0,-inf,10),'4031':(0,-inf,10),'4131':(0,-inf,10),'4232':(0,-inf,18),'4231':(0,-inf,18)}
33063936 17211  0 -inf 10 {'0011':(0,-inf,10),'1011':(0,-inf,10),'2021':(2,-inf,24),'2011':(0,-inf,12),'2031':(0,-inf,12),'3031':(0,-inf,10),'4031':(0,-inf,10),'0111':(0,-inf,10),'4131':(0,-inf,10),'4232':(0,-inf,20),'4233':(1,-inf,19),'4231':(0,-inf,24)}
17211 16548864  0 -inf 10 {'0212':(1,-inf,8),'4333':(0,-inf,10),'1424':(0,-inf,22),'1312':(0.0,-inf,10.0),'1323':(2,-inf,25),'1322':(2,-inf,25),'1324':(0,-inf,12),'3433':(0,-inf,10),'3424':(0,-inf,24),'4433':(0,-inf,10)}
16548864 25147  0 -inf -10 {'1121':(2,-inf,20),'1122':(0,-inf,-10),'1100':(0,-inf,21),'1000':(0,-inf,12),'2021':(0,-inf,-4),'2031':(0,-inf,-4),'3031':(0,-inf,-4),'4031':(0,-inf,-4),'0100':(0,-inf,12),'4131':(0,-inf,-2),'4232':(0,-inf,20),'4233':(2,-inf,15),'4231':(0,-inf,20)}
25147 16290816  0 -inf 23 {'0211':(2,-inf,29),'0213':(0,-inf,26),'0313':(0,-inf,26),'4333':(1.0,-inf,-12.0),'0413':(0,-inf,26),'1413':(0,-inf,26),'1424':(1,-inf,12),'1211':(0,-inf,23),'1213':(0,-inf,28),'3433':(1,-inf,11),'3424':(4,-inf,47),'4433':(1,-inf,11)}
16290816 25179  -1 -inf 12 {'2221':(2,-inf,28),'2223':(1,-inf,19),'2232':(0,-inf,26),'2213':(-1,-inf,12),'2231':(0,-inf,26),'2211':(0,-inf,23),'1011':(0,-inf,-8),'1000':(3,-inf,17),'2021':(3,-inf,28),'2011':(0,-inf,-8),'2031':(0,-inf,-8),'3031':(0,-inf,-8),'4031':(0,-inf,-8),'0100':(2,-inf,28),'0111':(0,-inf,-8),'4131':(0,-inf,-4),'4243':(2,-inf,17),'4232':(0,-inf,12),'4231':(0,-inf,12)}
33063936 831  0 -inf 9 {'0011':(0,-inf,9),'1011':(0,-inf,10),'2021':(0,-inf,10),'2011':(0,-inf,12),'2031':(0,-inf,12),'3031':(0,-inf,10),'4031':(0,-inf,10),'0102':(0,-inf,9),'0111':(0,-inf,10),'4131':(0,-inf,10),'4232':(0,-inf,14),'4233':(1,-inf,19),'4231':(0,-inf,21)}
831 16548864  0 -inf 12 {'1312':(0,-inf,20),'1323':(2,-inf,28),'1322':(1,-inf,14),'1302':(0,-inf,12),'0302':(0.0,-inf,12.0),'4333':(0,-inf,18),'2423':(0,-inf,18),'2433':(0,-inf,18),'3433':(0,-inf,18),'4433':(0,-inf,18)}
16548864 16703  0 -inf -12 {'1112':(1,-inf,4),'1121':(2,-inf,20),'1122':(0,-inf,-12),'1100':(0,-inf,12),'1000':(0,-inf,10),'2021':(0,-inf,10),'2031':(0,-inf,10),'3031':(0,-inf,10),'4031':(0,-inf,10),'0100':(0,-inf,10),'4131':(0,-inf,10),'4232':(0,-inf,10),'4233':(2,-inf,15),'4231':(0,-inf,10)}
16703 16290816  0.0 -inf 12.0 {'1312':(4,-inf,47),'1323':(2,-inf,28),'1303':(2,-inf,27),'0203':(0,-inf,28),'0212':(0.0,-inf,12.0),'0211':(2,-inf,20),'4333':(2,-inf,20),'0403':(0,-inf,26),'2423':(2,-inf,28),'2433':(1,-inf,5),'3433':(1,-inf,5),'4433':(2,-inf,21)}
16290816 8511  0 -inf -12 {'2221':(2,-inf,20),'2223':(1,-inf,12),'2232':(0,-inf,11),'2231':(0,-inf,10),'2233':(0,-inf,21),'2211':(0,-inf,19),'1011':(0,-inf,-12),'1000':(1,-inf,4),'2021':(0,-inf,-1),'2011':(0,-inf,-12),'2031':(0,-inf,-12),'3031':(0,-inf,-12),'4031':(0,-inf,-12),'0100':(2,-inf,20),'0102':(1,-inf,4),'0111':(0,-inf,-12),'4131':(0,-inf,-12),'4232':(0,-inf,-12),'4233':(0,-inf,21),'4231':(0,-inf,-10)}
33063936 17019  0 -inf 10 {'0011':(0,-inf,10),'1011':(0,-inf,10),'2021':(2,-inf,21),'2011':(0,-inf,12),'2031':(0,-inf,12),'3031':(0,-inf,10),'4031':(0,-inf,10),'0111':(0,-inf,10),'4131':(0,-inf,10),'4232':(0,-inf,20),'4231':(0,-inf,24)}
17019 16548864  0.0 -inf -4.0 {'0212':(0.0,-inf,-4.0),'0213':(0,-inf,18),'0313':(0,-inf,10),'0413':(0,-inf,10),'1413':(0,-inf,10),'1424':(0,-inf,10),'3332':(2,-inf,25),'3323':(2,-inf,25),'3324':(0,-inf,12),'3322':(2,-inf,25),'3424':(0,-inf,10)}
16548864 8827  0 -inf 4 {'1121':(2,-inf,19),'1102':(2,-inf,25),'1122':(2,-inf,16),'1100':(0,-inf,19),'1000':(0,-inf,12),'2021':(0,-inf,4),'2031':(0,-inf,10),'3031':(0,-inf,12),'4031':(0,-inf,12),'0100':(0,-inf,23),'0102':(0,-inf,4),'4131':(0,-inf,12),'4232':(1,-inf,14),'4231':(0,-inf,12)}
8827 12485632  0 -inf -4 {'1213':(0,-inf,20),'1222':(0,-inf,20),'1202':(0.0,-inf,6.0),'0302':(0,-inf,13),'0313':(0,-inf,15),'0413':(0,-inf,15),'1413':(0,-inf,15),'1424':(0,-inf,23),'3332':(2,-inf,19),'3323':(1,-inf,28),'3324':(0,-inf,26),'3322':(0,-inf,-4),'3424':(0,-inf,23)}
12485632 17019  0 -inf -6 {'1112':(4,-inf,23),'1120':(2,-inf,19),'1122':(3,-inf,21),'1100':(2,-inf,21),'1020':(0,-inf,10),'1000':(0,-inf,10),'2120':(0,-inf,10),'2122':(2,-inf,12),'2131':(0,-inf,10),'3031':(0,-inf,8),'3020':(0,-inf,10),'4031':(0,-inf,8),'0100':(0,-inf,10),'4131':(0,-inf,8),'4232':(0,-inf,-6),'4231':(0,-inf,16)}
16548864 21053  -2 -inf 1 {'1112':(-2,-inf,1),'1121':(4,-inf,32),'1100':(2,-inf,27),'1000':(2,-inf,27),'2021':(1,-inf,-4),'2031':(1,-inf,5),'3031':(1,-inf,5),'4031':(2,-inf,18),'0100':(1,-inf,19),'4131':(2,-inf,18),'4232':(1,-inf,-4),'4233':(-1,-inf,7),'4231':(1,-inf,16)}
573 16294912  2.0 -inf 12.0 {'0302':(4,-inf,44),'0313':(2,-inf,32),'4333':(2,-inf,20),'0413':(2,-inf,26),'1413':(2.0,-inf,12.0),'2423':(4,-inf,44),'2434':(2,-inf,32),'2433':(2,-inf,27),'2413':(2,-inf,25),'4434':(2,-inf,22),'4433':(2,-inf,20)}
16294912 821  -2 -inf -12 {'1211':(-2,-inf,9),'1222':(-2,-inf,-12),'1202':(-2,-inf,9),'1011':(-2,-inf,7),'1000':(-2,-inf,12),'2021':(-2,-inf,7),'2011':(-2,-inf,7),'2031':(-2,-inf,11),'3031':(-2,-inf,10),'4031':(-2,-inf,10),'0100':(-2,-inf,12),'0102':(-2,-inf,7),'0111':(-2,-inf,7),'4131':(-2,-inf,10),'4232':(0,-inf,19),'4233':(-1,-inf,6),'4231':(-2,-inf,-6)}
16548864 4671  -1 -inf -3 {'1112':(1,-inf,-3),'1121':(4,-inf,19),'1102':(2,-inf,19),'1100':(2,-inf,23),'1000':(1,-inf,-14),'2021':(1,-inf,-8),'2031':(1,-inf,1),'3031':(1,-inf,1),'4031':(1,-inf,1),'0100':(1,-inf,-10),'0102':(1,-inf,-12),'4131':(1,-inf,1),'4232':(1,-inf,20),'4233':(-1,-inf,-3),'4231':(2,-inf,15)}
574 16547904  1 -inf 12 {'0302':(2,-inf,28),'0313':(2,-inf,36),'4342':(1,-inf,12),'4344':(2,-inf,36),'0413':(2,-inf,28),'1413':(2,-inf,28),'2423':(1,-inf,19),'2413':(3.0,-inf,19.0),'3444':(4,-inf,24)}
16547904 826  -3 -inf -19 {'1112':(-2,-inf,-8),'1121':(-1,-inf,-14),'1102':(-2,-inf,2),'1122':(-2,-inf,-12),'1100':(-1,-inf,9),'1000':(0,-inf,19),'2021':(0,-inf,19),'2031':(0,-inf,11),'3031':(0,-inf,21),'4031':(0,-inf,21),'0100':(0,-inf,21),'0102':(-2,-inf,-1),'4142':(0,-inf,9),'4131':(0,-inf,21),'3332':(-2,-inf,-4),'3323':(-1,-inf,-4),'3324':(-3,-inf,-19),'3342':(-2,-inf,9),'3344':(-2,-inf,14),'3322':(-2,-inf,-4)}
33063936 17199  0 -inf 10 {'0011':(0,-inf,10),'1011':(0,-inf,10),'2021':(2,-inf,24),'2011':(0,-inf,12),'2031':(0,-inf,12),'3031':(0,-inf,10),'4031':(0,-inf,10),'0111':(0,-inf,10),'4131':(0,-inf,10),'4232':(0,-inf,17),'4233':(1,-inf,20),'4231':(0,-inf,24)}
17199 16548864  0 -inf 10 {'0212':(0,-inf,18),'0304':(0.0,-inf,12.0),'4333':(0,-inf,10),'1312':(0,-inf,22),'1323':(2,-inf,24),'1304':(0,-inf,12),'1322':(2.0,-inf,-2.0),'1404':(0,-inf,22),'2423':(0,-inf,10),'2433':(0,-inf,10),'3433':(0,-inf,10),'4433':(0,-inf,10)}
16548864 21039  -2 -inf 2 {'1112':(-2,-inf,2),'1121':(4,-inf,32),'1100':(2,-inf,27),'1000':(2,-inf,27),'2021':(1,-inf,-4),'2031':(1,-inf,5),'3031':(1,-inf,5),'4031':(2,-inf,18),'0100':(1,-inf,19),'4131':(2,-inf,18),'4232':(1,-inf,-4),'4233':(-1,-inf,7),'4231':(1,-inf,16)}
559 16294912  2.0 -inf 8.0 {'0302':(4,-inf,32),'0304':(2,-inf,28),'0313':(2,-inf,32),'4333':(2,-inf,20),'1413':(2,-inf,32),'1404':(2.0,-inf,8.0),'2423':(4,-inf,32),'2433':(2,-inf,27),'2413':(2,-inf,24),'3433':(2,-inf,20),'4433':(2,-inf,20)}
16294912 567  -2 -inf -8 {'1211':(-2,-inf,-1),'1213':(-1,-inf,5),'1222':(-2,-inf,-8),'1202':(-2,-inf,-1),'1011':(-2,-inf,-8),'1000':(-2,-inf,1),'2021':(-2,-inf,-1),'2011':(-2,-inf,-8),'2031':(-2,-inf,-3),'3031':(-2,-inf,-3),'4031':(-2,-inf,-3),'0100':(-2,-inf,1),'0102':(-2,-inf,-3),'0111':(-2,-inf,-8),'4131':(-2,-inf,-3),'4232':(-2,-inf,-4),'4233':(-1,-inf,-2),'4231':(-2,-inf,-8)}
33063936 17083  -2 -inf 17 {'0011':(0,-inf,10),'1011':(0,-inf,10),'2021':(1,-inf,19),'2011':(0,-inf,12),'2031':(0,-inf,12),'3031':(0,-inf,10),'4031':(0,-inf,10),'0111':(0,-inf,10),'4131':(0,-inf,10),'4232':(0,-inf,20),'4233':(-2,-inf,17),'4231':(0,-inf,24)}
16923 33062976  2 -inf 20 {'0212':(4,-inf,17),'0211':(4,-inf,19),'0213':(3.0,-inf,2.0),'0313':(3,-inf,14),'0413':(3.0,-inf,8.0),'1413':(2,-inf,20),'1424':(2,-inf,24),'3424':(4,-inf,17),'4443':(4,-inf,4)}
33062976 795  -3 -inf -2 {'0011':(0,-inf,15),'1011':(0,-inf,15),'2021':(-1,-inf,15),'2011':(0,-inf,15),'2031':(-1,-inf,11),'3031':(-1,-inf,21),'4031':(-1,-inf,21),'0102':(-2,-inf,2),'0111':(0,-inf,17),'4142':(-2,-inf,-7),'4131':(-1,-inf,21),'3332':(-2,-inf,6),'3343':(-2,-inf,17),'3323':(-1,-inf,15),'3324':(-3,-inf,-2),'3342':(-2,-inf,12),'3322':(-2,-inf,-8)}
785 33062916  3.0 -inf 8.0 {'1312':(4,-inf,21),'1314':(4,-inf,25),'1323':(6,-inf,23),'1322':(6,-inf,28),'1302':(4,-inf,19),'0302':(3.0,-inf,8.0),'0414':(3,-inf,21),'4443':(4,-inf,12),'4434':(4,-inf,21),'4433':(6,-inf,42)}
33062916 16657  -3 -inf -8 {'0011':(-3,-inf,-8),'1011':(-3,-inf,-8),'2021':(-1,-inf,8),'2011':(-3,-inf,-8),'2031':(-3,-inf,-8),'3031':(-3,-inf,-8),'4031':(-3,-inf,-8),'0111':(-3,-inf,-8),'4142':(-2,-inf,20),'4131':(-3,-inf,-4),'2423':(-3,-inf,17),'2434':(-3,-inf,10),'2414':(-3,-inf,10),'2433':(-3,-inf,15)}
16548864 16959  0 -inf -4 {'1112':(1,-inf,-3),'1121':(2,-inf,20),'1122':(0,-inf,-4),'1100':(0,-inf,12),'1000':(0,-inf,10),'2021':(0,-inf,3),'2031':(0,-inf,-4),'3031':(0,-inf,-4),'4031':(0,-inf,-4),'0100':(0,-inf,10),'4131':(0,-inf,-4),'4232':(0,-inf,-4),'4233':(1,-inf,7),'4231':(0,-inf,-4)}
16959 16290816  0 -inf 12 {'0212':(1,-inf,27),'0211':(1,-inf,27),'0213':(0,-inf,28),'0313':(0,-inf,28),'4333':(1,-inf,19),'0413':(0,-inf,26),'1413':(0,-inf,26),'2423':(2,-inf,28),'2433':(0,-inf,12),'2413':(0.0,-inf,12.0),'3433':(2,-inf,27),'4433':(1,-inf,-4)}
16290816 17211  0 -inf -12 {'2221':(2,-inf,20),'2223':(1,-inf,12),'2232':(0,-inf,15),'2212':(1,-inf,4),'2231':(0,-inf,10),'2233':(0,-inf,-3),'2211':(0,-inf,10),'1011':(0,-inf,-12),'1000':(1,-inf,4),'2021':(0,-inf,9),'2011':(0,-inf,-12),'2031':(0,-inf,-12),'3031':(0,-inf,-12),'4031':(0,-inf,-12),'0100':(2,-inf,20),'0111':(0,-inf,-12),'4131':(0,-inf,-12),'4232':(0,-inf,-6),'4233':(0,-inf,-12),'4231':(0,-inf,16)}
33063936 17207  0 -inf 10 {'0011':(0.0,-inf,12.0),'1011':(0,-inf,10),'2021':(2,-inf,24),'2011':(0,-inf,12),'2031':(0,-inf,12),'3031':(0,-inf,10),'4031':(0,-inf,10),'0111':(0,-inf,10),'4131':(0,-inf,10),'4232':(0,-inf,17),'4233':(1,-inf,20),'4231':(0,-inf,24)}
17207 24937472  0.0 -inf -12.0 {'0212':(1,-inf,8),'4333':(0.0,-inf,-12.0),'0414':(0.0,-inf,10.0),'1312':(0,-inf,15),'1314':(0.0,-inf,12.0),'1323':(2,-inf,19),'1322':(2,-inf,20),'2423':(0,-inf,10),'2414':(0,-inf,12),'2433':(0,-inf,10),'3433':(0,-inf,10),'4433':(0,-inf,10)}
24937472 17239  0 -inf 12 {'0010':(0,-inf,12),'1110':(0,-inf,19),'1112':(1,-inf,12),'1121':(2,-inf,28),'1122':(2,-inf,20),'2021':(0,-inf,12),'2010':(0,-inf,17),'2031':(0,-inf,12),'3031':(0,-inf,12),'4031':(0,-inf,12),'4131':(0,-inf,12),'4243':(2,-inf,18),'4232':(0,-inf,19),'4231':(0,-inf,18)}
17239 16548864  0 -inf -12 {'0212':(0,-inf,-4),'3332':(1,-inf,24),'3343':(0.0,-inf,12.0),'3323':(0,-inf,10),'3322':(2.0,-inf,-7.0),'0414':(0,-inf,10),'1312':(0,-inf,-12),'1314':(0,-inf,10),'1323':(0,-inf,10),'1322':(2.0,-inf,8.0),'2423':(0,-inf,8),'2414':(0,-inf,10),'4443':(0,-inf,10)}
16548864 21271  -2 -inf 7 {'1000':(2,-inf,19),'1112':(-2,-inf,7),'1121':(4,-inf,20),'1100':(2,-inf,28),'2021':(0,-inf,12),'2031':(1,-inf,12),'3031':(2,-inf,11),'4031':(2,-inf,10),'0100':(1,-inf,23),'4131':(2,-inf,14),'4243':(0,-inf,23),'4232':(0,-inf,23),'4233':(0,-inf,13),'4231':(1,-inf,16)}
33063936 8767  0 -inf 4 {'0011':(0,-inf,4),'1011':(0,-inf,10),'2021':(2,-inf,17),'2011':(0,-inf,12),'2031':(0,-inf,12),'3031':(0,-inf,10),'4031':(0,-inf,10),'0102':(2,-inf,17),'0111':(0,-inf,10),'4131':(0,-inf,10),'4232':(0,-inf,17),'4233':(1,-inf,20),'4231':(0,-inf,21)}
8767 16548864  0.0 -inf -4.0 {'1213':(0,-inf,24),'1222':(1.0,-inf,3.0),'1202':(0.0,-inf,4.0),'0302':(0,-inf,15),'0313':(1,-inf,8),'4333':(0,-inf,18),'0413':(0,-inf,18),'1413':(1,-inf,8),'2423':(1,-inf,28),'2433':(0.0,-inf,-4.0),'2413':(1,-inf,8),'3433':(0.0,-inf,-4.0),'4433':(0,-inf,18)}
12485632 12859  0 -inf 4 {'1102':(2,-inf,-8),'1120':(4,-inf,25),'1100':(2,-inf,24),'1020':(3,-inf,-6),'1000':(1,-inf,5),'2120':(1,-inf,-8),'2131':(2,-inf,7),'3031':(0,-inf,10),'3020':(3,-inf,-6),'4031':(0,-inf,10),'0100':(1,-inf,8),'0102':(0,-inf,4),'4131':(0,-inf,12),'4232':(3,-inf,-6),'4233':(0,-inf,19),'4231':(0,-inf,12)}
33063936 17022  0 -inf 10 {'0011':(0,-inf,10),'1011':(0,-inf,10),'2021':(2,-inf,25),'2011':(0,-inf,12),'2031':(0,-inf,24),'3031':(0,-inf,22),'4031':(0,-inf,22),'0111':(0,-inf,10),'4131':(0,-inf,24),'4232':(0,-inf,22),'4231':(0,-inf,24)}
17022 16548864  0.0 -inf -12.0 {'0212':(0,-inf,18),'0213':(0,-inf,18),'0313':(0,-inf,10),'4344':(0,-inf,10),'0413':(0,-inf,10),'1413':(0,-inf,10),'2423':(0.0,-inf,-12.0),'2413':(0,-inf,10),'3444':(0,-inf,10),'3332':(1,-inf,9),'3323':(2,-inf,28),'3344':(0.0,-inf,4.0),'3322':(2,-inf,20)}
16548864 17146  0 -inf 12 {'1112':(1,-inf,12),'1121':(2,-inf,28),'1122':(2,-inf,22),'1100':(0,-inf,14),'1000':(0,-inf,12),'2021':(0,-inf,12),'2031':(0,-inf,12),'3031':(0,-inf,12),'4031':(0,-inf,12),'0100':(0,-inf,12),'4131':(0,-inf,12),'4232':(0,-inf,23),'4231':(0,-inf,20)}
17146 24937472  0.0 -inf -12.0 {'0212':(0,-inf,-4),'0213':(0,-inf,16),'0313':(0,-inf,8),'4344':(0.0,-inf,-12.0),'0413':(0,-inf,8),'1413':(0,-inf,8),'1424':(0,-inf,10),'2322':(2,-inf,12),'2324':(0,-inf,10),'2313':(0,-inf,10),'3444':(0,-inf,10),'3424':(0,-inf,10),'3332':(4,-inf,23),'3324':(2,-inf,20),'3344':(2,-inf,22),'3322':(3,-inf,21)}
24937472 17115  0 -inf 12 {'1110':(0,-inf,14),'1112':(1,-inf,12),'1121':(2,-inf,28),'1122':(2,-inf,20),'0010':(0,-inf,12),'2021':(0,-inf,12),'2010':(0,-inf,14),'2031':(0,-inf,12),'3031':(0,-inf,12),'4031':(0,-inf,12),'4131':(0,-inf,12),'4243':(2,-inf,18),'4232':(0,-inf,19),'4231':(0,-inf,12)}
16290816 16991  -1 -inf -4 {'2221':(2,-inf,20),'2223':(1,-inf,12),'2232':(0,-inf,15),'2212':(1,-inf,4),'2213':(-1,-inf,-4),'2231':(0,-inf,10),'2211':(0,-inf,10),'1011':(2,-inf,12),'1000':(2,-inf,18),'2021':(3,-inf,21),'2011':(2,-inf,12),'2031':(2,-inf,12),'3031':(2,-inf,12),'4031':(2,-inf,12),'0100':(2,-inf,20),'0111':(2,-inf,12),'4131':(2,-inf,16),'4243':(2,-inf,0),'4232':(-1,-inf,17),'4231':(0,-inf,-4)}
16548864 894  0 -inf 2 {'1112':(0,-inf,12),'1121':(0,-inf,10),'1102':(0,-inf,9),'1122':(2,-inf,18),'1100':(0,-inf,12),'1000':(0,-inf,10),'2021':(0,-inf,10),'2031':(0,-inf,10),'3031':(0,-inf,10),'4031':(0,-inf,10),'0100':(0,-inf,10),'0102':(0,-inf,2),'4131':(0,-inf,10),'4232':(1,-inf,16),'4231':(0,-inf,10)}
894 16040960  0 -inf 16 {'1312':(1.0,-inf,-10.0),'1323':(1,-inf,17),'1322':(1,-inf,8),'4344':(0,-inf,20),'2423':(0,-inf,20),'3444':(0,-inf,20),'3332':(1,-inf,2),'3323':(1,-inf,6),'3344':(0,-inf,20),'3322':(0,-inf,16)}
16040960 8830  -1 -inf 10 {'1121':(0,-inf,4),'1101':(2,-inf,25),'1122':(1,-inf,4),'1100':(2,-inf,25),'1000':(0,-inf,4),'2021':(0,-inf,4),'2031':(0,-inf,4),'3031':(0,-inf,4),'4031':(0,-inf,4),'0201':(1,-inf,-12),'0213':(-1,-inf,10),'4131':(0,-inf,4),'4232':(0,-inf,12),'4231':(0,-inf,4)}
16548864 19006  -1 -inf -4 {'1112':(1,-inf,11),'1121':(4,-inf,32),'1122':(-1,-inf,-4),'1100':(2,-inf,27),'1000':(2,-inf,27),'2021':(1,-inf,-4),'2031':(0,-inf,12),'3031':(0,-inf,12),'4031':(0,-inf,12),'0100':(1,-inf,19),'4131':(0,-inf,12),'4233':(-1,-inf,7),'4231':(0,-inf,20)}
16958 16290816  1 -inf 12 {'0212':(2,-inf,27),'0211':(2,-inf,27),'0213':(2,-inf,-10),'0313':(1,-inf,28),'4344':(3,-inf,27),'4333':(2,-inf,-4),'0413':(1,-inf,28),'1413':(1,-inf,28),'2423':(3,-inf,28),'2433':(1,-inf,12),'2413':(1,-inf,28),'3433':(2.0,-inf,-9.0),'3444':(3,-inf,44)}
16290816 17020  -2 -inf 9 {'2221':(1,-inf,28),'2223':(0,-inf,12),'2232':(-1,-inf,22),'2212':(0,-inf,9),'2213':(-2,-inf,9),'2231':(-1,-inf,22),'2211':(-1,-inf,10),'1011':(1,-inf,18),'1000':(1,-inf,20),'2021':(2,-inf,28),'2011':(1,-inf,12),'2031':(1,-inf,18),'3031':(1,-inf,18),'4031':(1,-inf,18),'0100':(1,-inf,28),'0111':(1,-inf,18),'4131':(1,-inf,18),'4232':(-1,-inf,-4),'4231':(-1,-inf,16)}
16548864 17270  0.0 -inf 12.0 {'1112':(1,-inf,19),'1121':(2,-inf,28),'1122':(2,-inf,22),'1100':(0,-inf,24),'1000':(0.0,-inf,12.0),'2021':(0,-inf,12),'2031':(0,-inf,12),'3031':(0,-inf,12),'4031':(0,-inf,12),'0100':(0,-inf,12),'4131':(0,-inf,12),'4232':(0,-inf,23),'4231':(0,-inf,20)}
17270 24937472  0.0 -inf -12.0 {'0212':(0,-inf,-4),'4344':(0.0,-inf,-12.0),'0414':(0,-inf,10),'1312':(0,-inf,-12),'1314':(0,-inf,10),'1323':(0,-inf,10),'1322':(2,-inf,18),'2423':(0,-inf,8),'2414':(0,-inf,10),'3444':(0,-inf,10),'3332':(0,-inf,10),'3323':(0,-inf,10),'3344':(0.0,-inf,-10.0),'3322':(2,-inf,12)}
24937472 17207  0 -inf 10 {'1110':(0,-inf,12),'1112':(0,-inf,19),'1121':(2,-inf,20),'1122':(1,-inf,4),'0010':(0.0,-inf,12.0),'2021':(0,-inf,10),'2010':(0,-inf,12),'2031':(0,-inf,10),'3031':(0,-inf,10),'4031':(0,-inf,10),'4131':(0,-inf,10),'4232':(0,-inf,18),'4233':(2,-inf,19),'4231':(0,-inf,18)}
16548864 17243  0 -inf 10 {'1112':(1,-inf,12),'1121':(2,-inf,28),'1122':(2,-inf,20),'1100':(0,-inf,19),'1000':(0.0,-inf,12.0),'2021':(0,-inf,10),'2031':(0,-inf,10),'3031':(0,-inf,10),'4031':(0,-inf,10),'0100':(0,-inf,12),'4131':(0,-inf,10),'4243':(2,-inf,18),'4232':(0,-inf,19),'4231':(0,-inf,18)}
17243 12485632  0.0 -inf -10.0 {'0212':(0,-inf,21),'3332':(1,-inf,27),'3343':(0,-inf,27),'3323':(0,-inf,12),'3324':(0,-inf,26),'3322':(2,-inf,19),'1424':(0,-inf,12),'1312':(0,-inf,13),'1323':(0,-inf,12),'1322':(2,-inf,14),'1324':(0,-inf,12),'3424':(0.0,-inf,-10.0),'4443':(0,-inf,12)}
12485632 17245  0 -inf 10 {'1112':(4,-inf,28),'1120':(2,-inf,28),'1122':(3,-inf,28),'1100':(2,-inf,28),'1020':(0,-inf,12),'1000':(0,-inf,12),'2120':(0,-inf,12),'2122':(2,-inf,14),'2131':(0,-inf,12),'3031':(0,-inf,10),'3020':(0,-inf,12),'4031':(0,-inf,10),'0100':(0,-inf,12),'4131':(0,-inf,10),'4243':(2,-inf,18),'4232':(0,-inf,10),'4231':(0,-inf,16)}
16290816 16957  -3 -inf 2 {'2221':(1,-inf,20),'2223':(0,-inf,12),'2232':(-1,-inf,10),'2212':(0,-inf,-3),'2213':(-3,-inf,2),'2231':(-1,-inf,10),'2233':(-1,-inf,-12),'2211':(-1,-inf,10),'1011':(-1,-inf,-6),'1000':(0,-inf,-3),'2021':(0,-inf,-8),'2011':(-1,-inf,-6),'2031':(-1,-inf,-14),'3031':(-1,-inf,-14),'4031':(-1,-inf,-14),'0100':(1,-inf,20),'0111':(-1,-inf,-6),'4131':(-1,-inf,-14),'4232':(-1,-inf,-14),'4233':(-1,-inf,-12),'4231':(-1,-inf,-4)}
16548864 17071  -2 -inf -10 {'1112':(1,-inf,-3),'1121':(1,-inf,19),'1122':(0,-inf,-12),'1100':(0,-inf,12),'1000':(0,-inf,10),'2021':(0,-inf,5),'2031':(0,-inf,10),'3031':(0,-inf,10),'4031':(0,-inf,10),'0100':(0,-inf,10),'4131':(0,-inf,10),'4232':(0,-inf,-2),'4233':(-2,-inf,-10),'4231':(0,-inf,-2)}
16911 16547904  2.0 -inf 10.0 {'0212':(2,-inf,26),'0213':(2,-inf,28),'0304':(2,-inf,28),'0313':(2.0,-inf,10.0),'1413':(2,-inf,26),'1404':(2,-inf,28),'2423':(4,-inf,22),'2413':(4,-inf,13),'4443':(2,-inf,28)}
16547904 16655  -2 -inf -10 {'1112':(0,-inf,13),'1121':(0,-inf,23),'1122':(-2,-inf,-10),'1100':(-1,-inf,15),'1000':(0,-inf,15),'2021':(0,-inf,13),'2031':(0,-inf,24),'3031':(0,-inf,24),'4031':(0,-inf,24),'0100':(0,-inf,15),'4142':(-2,-inf,3),'4131':(0,-inf,24),'3332':(-2,-inf,1),'3343':(-2,-inf,12),'3323':(-1,-inf,12),'3342':(-2,-inf,10),'3322':(-2,-inf,-6)}
33063936 16991  0 -inf 10 {'0011':(0,-inf,10),'1011':(0.0,-inf,12.0),'2021':(2,-inf,22),'2011':(0,-inf,12),'2031':(0,-inf,12),'3031':(0,-inf,10),'4031':(0,-inf,10),'0111':(0,-inf,10),'4131':(0,-inf,10),'4243':(2,-inf,20),'4232':(0,-inf,17),'4231':(0,-inf,24)}
16991 16548864  0.0 -inf -12.0 {'0212':(0,-inf,18),'0213':(0,-inf,18),'0313':(0,-inf,10),'3332':(2,-inf,25),'3343':(0.0,-inf,4.0),'3323':(0,-inf,24),'3322':(2,-inf,28),'0413':(0.0,-inf,-12.0),'1413':(0,-inf,10),'2423':(0,-inf,10),'2413':(0.0,-inf,-10.0),'4443':(0,-inf,10)}
16548864 17231  0 -inf 12 {'1112':(1,-inf,12),'1121':(2,-inf,28),'1122':(2,-inf,20),'1100':(0,-inf,19),'1000':(0,-inf,12),'2021':(0,-inf,12),'2031':(0,-inf,12),'3031':(0,-inf,12),'4031':(0,-inf,12),'0100':(0,-inf,12),'4131':(0,-inf,12),'4243':(2,-inf,18),'4232':(0,-inf,19),'4231':(0,-inf,12)}
17231 24937472  0 -inf -12 {'0212':(0,-inf,-4),'0304':(0,-inf,10),'3332':(0,-inf,14),'3343':(0.0,-inf,10.0),'3323':(0,-inf,10),'3322':(2,-inf,12),'1312':(0,-inf,-12),'1323':(0,-inf,10),'1304':(0.0,-inf,-10.0),'1322':(2,-inf,18),'1404':(0.0,-inf,-12.0),'2423':(0,-inf,8),'4443':(0,-inf,10)}
24937472 16991  0 -inf 10 {'1110':(0,-inf,12),'1112':(0,-inf,12),'1121':(2,-inf,20),'1122':(2,-inf,18),'0010':(0.0,-inf,12.0),'2021':(0,-inf,10),'2010':(0,-inf,12),'2031':(0,-inf,10),'3031':(0,-inf,10),'4031':(0,-inf,10),'4131':(0,-inf,10),'4243':(2,-inf,18),'4232':(0.0,-inf,12.0),'4231':(0,-inf,10)}
16548864 891  0 -inf 2 {'1112':(0,-inf,12),'1121':(0,-inf,10),'1102':(0,-inf,7),'1122':(2,-inf,18),'1100':(0,-inf,12),'1000':(0,-inf,10),'2021':(0,-inf,10),'2031':(0,-inf,10),'3031':(0,-inf,10),'4031':(0,-inf,10),'0100':(0,-inf,10),'0102':(0,-inf,2),'4131':(0,-inf,10),'4232':(1,-inf,14),'4231':(0,-inf,10)}
891 16040960  0.0 -inf 12.0 {'1312':(3,-inf,15),'1323':(2,-inf,28),'1322':(3,-inf,5),'1324':(0,-inf,20),'1424':(0,-inf,20),'3332':(2,-inf,19),'3323':(2,-inf,19),'3324':(0.0,-inf,12.0),'3322':(2,-inf,19),'3424':(0,-inf,20)}
16040960 831  0 -inf 2 {'1112':(0,-inf,7),'1121':(0,-inf,2),'1101':(0,-inf,9),'1122':(2,-inf,8),'1100':(0,-inf,9),'1000':(0,-inf,2),'2021':(0,-inf,2),'2031':(0,-inf,2),'3031':(0,-inf,2),'4031':(0,-inf,2),'0201':(0,-inf,9),'0212':(0,-inf,7),'4131':(0,-inf,2),'4232':(0,-inf,10),'4233':(1,-inf,19),'4231':(0,-inf,2)}
16548864 17083  -2 -inf -12 {'1112':(1,-inf,-3),'1121':(1,-inf,19),'1122':(0,-inf,-4),'1100':(0,-inf,12),'1000':(0.0,-inf,12.0),'2021':(0,-inf,5),'2031':(0,-inf,10),'3031':(0,-inf,10),'4031':(0,-inf,10),'0100':(0,-inf,10),'4131':(0,-inf,10),'4232':(0,-inf,-2),'4233':(-2,-inf,-12),'4231':(0,-inf,-2)}
16923 16547904  2 -inf 27 {'0212':(4,-inf,21),'0213':(3,-inf,25),'0313':(3.0,-inf,8.0),'0413':(4,-inf,13),'1413':(2,-inf,27),'1424':(2,-inf,28),'3424':(4,-inf,21),'4443':(4,-inf,12)}
16547904 16667  -3 -inf -8 {'1112':(0,-inf,13),'1121':(-1,-inf,16),'1122':(-2,-inf,-10),'1100':(-1,-inf,15),'1000':(0,-inf,15),'2021':(0,-inf,13),'2031':(0,-inf,24),'3031':(0,-inf,24),'4031':(0,-inf,24),'0100':(0,-inf,15),'4142':(-2,-inf,3),'4131':(0,-inf,24),'3332':(-2,-inf,1),'3343':(-2,-inf,12),'3323':(-1,-inf,12),'3324':(-3,-inf,-8),'3342':(-2,-inf,10),'3322':(-2,-inf,-8)}
16548864 703  -2 -inf -14 {'1112':(0,-inf,1),'1121':(0,-inf,10),'1102':(0,-inf,-1),'1122':(0,-inf,-8),'1100':(0.0,-inf,9.0),'1000':(0,-inf,4),'2021':(0,-inf,2),'2031':(0,-inf,6),'3031':(0,-inf,2),'4031':(0,-inf,2),'0100':(0,-inf,9),'0102':(0.0,-inf,2.0),'4131':(0,-inf,2),'4232':(0,-inf,-6),'4233':(-2,-inf,-14),'4231':(0,-inf,6)}
543 16547904  2.0 -inf 10.0 {'0302':(2.0,-inf,10.0),'0313':(2,-inf,28),'0413':(2,-inf,28),'1413':(2,-inf,28),'2423':(4,-inf,30),'2413':(3,-inf,25),'4443':(2,-inf,36)}
16547904 16415  -2 -inf -10 {'1112':(-1,-inf,-21),'1121':(0,-inf,20),'1122':(-2,-inf,-10),'1100':(-2,-inf,17),'1000':(-2,-inf,-10),'2021':(-2,-inf,-10),'2031':(-2,-inf,-10),'3031':(-2,-inf,-10),'4031':(-2,-inf,-10),'0100':(-2,-inf,-10),'4142':(-2,-inf,-10),'4131':(-2,-inf,-10),'3332':(-2,-inf,-8),'3343':(-2,-inf,12),'3323':(-2,-inf,-10),'3342':(-2,-inf,5),'3322':(-2,-inf,-8)}
24937472 17267  0 -inf 12 {'0010':(0,-inf,12),'1110':(0,-inf,19),'1112':(1,-inf,12),'1121':(2,-inf,28),'1122':(2,-inf,22),'2021':(0,-inf,12),'2010':(0,-inf,17),'2031':(0,-inf,12),'3031':(0,-inf,12),'4031':(0,-inf,12),'4131':(0,-inf,12),'4232':(0,-inf,23),'4231':(0,-inf,20)}
17267 16548864  0 -inf -12 {'0212':(0,-inf,-4),'0414':(0,-inf,10),'1312':(0,-inf,-12),'1314':(0,-inf,12),'1323':(0,-inf,10),'1322':(2.0,-inf,8.0),'1324':(0,-inf,10),'3332':(1,-inf,23),'3323':(0,-inf,10),'3324':(0.0,-inf,10.0),'3322':(2.0,-inf,8.0),'3424':(0.0,-inf,-12.0)}
16548864 17207  0 -inf -10 {'1000':(0.0,-inf,12.0),'1112':(1,-inf,4),'1121':(2,-inf,20),'1122':(0,-inf,-10),'1100':(0,-inf,12),'2021':(0,-inf,10),'2031':(0,-inf,10),'3031':(0,-inf,10),'4031':(0,-inf,10),'0100':(0,-inf,10),'4131':(0,-inf,10),'4232':(0,-inf,10),'4233':(2,-inf,15),'4231':(0,-inf,10)}
16548864 17055  0 -inf -6 {'1112':(1,-inf,2),'1121':(2,-inf,20),'1122':(0,-inf,-6),'1100':(0,-inf,12),'1000':(0.0,-inf,12.0),'2021':(0,-inf,5),'2031':(0,-inf,10),'3031':(0,-inf,10),'4031':(0,-inf,10),'0100':(0,-inf,10),'4131':(0,-inf,7),'4243':(0,-inf,12),'4232':(0,-inf,-6),'4233':(2,-inf,13),'4231':(0,-inf,-6)}
17055 16290816  0.0 -inf 10.0 {'0212':(4,-inf,47),'0211':(1,-inf,27),'0213':(0,-inf,26),'0313':(0,-inf,26),'2333':(1.0,-inf,4.0),'2313':(0,-inf,26),'0413':(0.0,-inf,10.0),'1413':(0,-inf,24),'2433':(1,-inf,-4),'2413':(0,-inf,26),'3433':(4,-inf,44),'4443':(4,-inf,32),'4433':(3,-inf,-4)}
16290816 17295  0 -inf -10 {'2221':(2,-inf,20),'2232':(0,-inf,22),'2212':(1,-inf,9),'2231':(0,-inf,12),'2233':(0,-inf,4),'2211':(0.0,-inf,12.0),'1011':(0,-inf,-4),'1000':(1,-inf,9),'2021':(0,-inf,12),'2011':(0,-inf,-4),'2031':(0,-inf,-10),'3031':(0,-inf,-10),'4031':(0,-inf,-10),'0100':(2,-inf,20),'0111':(0,-inf,-4),'4131':(0,-inf,-10),'4243':(1,-inf,-2),'4232':(0,-inf,-10),'4233':(0,-inf,-10),'4231':(0,-inf,-2)}
33063936 262719  -1 -inf -1 {'2021':(-1,-inf,3),'2031':(1,-inf,10),'3031':(0,-inf,3),'4031':(0,-inf,3),'0102':(-1,-inf,-1),'4131':(0,-inf,3),'4232':(0,-inf,8),'4233':(1,-inf,19),'4231':(0,-inf,21)}
575 32556032  1.0 -inf -2.0 {'0313':(1,-inf,18),'4333':(1,-inf,18),'0413':(1,-inf,18),'1413':(1,-inf,18),'2423':(3,-inf,36),'2433':(1,-inf,20),'2413':(1,-inf,29),'3433':(1.0,-inf,-2.0),'4433':(1,-inf,18)}
32556032 637  -1 -inf 2 {'0001':(-1,-inf,9),'0011':(-1,-inf,2),'1011':(-1,-inf,2),'2021':(-1,-inf,2),'2011':(-1,-inf,7),'2031':(-1,-inf,9),'3031':(-1,-inf,2),'4031':(-1,-inf,2),'0201':(-1,-inf,12),'0212':(-1,-inf,9),'0211':(-1,-inf,10),'0213':(0,-inf,17),'4131':(-1,-inf,2),'4232':(-1,-inf,12),'4231':(-1,-inf,10)}
637 16040960  1 -inf 20 {'0313':(1,-inf,20),'0413':(1,-inf,20),'1413':(1,-inf,20),'2423':(3,-inf,32),'2434':(1,-inf,28),'2413':(1,-inf,20),'3332':(2,-inf,27),'3334':(1,-inf,27),'3323':(3,-inf,36),'3322':(2.0,-inf,4.0),'4434':(1,-inf,20)}
16040960 4669  -2 -inf -4 {'1112':(3,-inf,21),'1121':(3,-inf,17),'1101':(1,-inf,19),'1100':(1,-inf,17),'1000':(0,-inf,-12),'2021':(0,-inf,-16),'2031':(0,-inf,-8),'3031':(0,-inf,-8),'4031':(2,-inf,-4),'0201':(0,-inf,-14),'0212':(0,-inf,-14),'0213':(-2,-inf,-4),'4131':(2,-inf,-19),'4232':(0,-inf,-12),'4233':(-2,-inf,5),'4231':(0,-inf,3)}
16548864 893  0 -inf 2 {'1112':(0,-inf,12),'1121':(0,-inf,10),'1102':(0,-inf,9),'1122':(2,-inf,18),'1100':(0,-inf,12),'1000':(0.0,-inf,10.0),'2021':(0,-inf,10),'2031':(0,-inf,10),'3031':(0,-inf,10),'4031':(0,-inf,10),'0100':(0,-inf,10),'0102':(0,-inf,2),'4131':(0,-inf,10),'4232':(1,-inf,14),'4231':(0,-inf,10)}
893 16040960  0.0 -inf -4.0 {'1312':(1,-inf,8),'1323':(2,-inf,17),'1322':(1,-inf,8),'2423':(0,-inf,20),'2434':(0,-inf,20),'3332':(0.0,-inf,-4.0),'3334':(0.0,-inf,12.0),'3323':(1,-inf,6),'3322':(1,-inf,2),'4434':(0,-inf,20)}
16040960 2877  0 -inf 4 {'1112':(0,-inf,9),'1121':(4,-inf,20),'1101':(2,-inf,16),'1122':(1,-inf,8),'1100':(2,-inf,16),'1000':(0,-inf,4),'2021':(0,-inf,4),'2031':(0,-inf,4),'3031':(0,-inf,4),'4031':(0,-inf,4),'0201':(0,-inf,23),'0212':(0,-inf,9),'4131':(0,-inf,4),'4233':(2,-inf,11),'4231':(0,-inf,12)}
16294912 574  -2 -inf -8 {'1211':(-2,-inf,-1),'1213':(-1,-inf,5),'1222':(-2,-inf,-8),'1202':(-2,-inf,-1),'1011':(-2,-inf,-8),'1000':(-2,-inf,2),'2021':(-2,-inf,0),'2011':(-2,-inf,-8),'2031':(-2,-inf,-3),'3031':(-2,-inf,-3),'4031':(-2,-inf,-3),'0100':(-2,-inf,4),'0102':(-2,-inf,-3),'0111':(-2,-inf,-8),'4131':(-2,-inf,-3),'4232':(-2,-inf,-4),'4233':(-1,-inf,-2),'4231':(-2,-inf,-8)}
16548864 8830  0 -inf 4 {'1121':(2,-inf,28),'1102':(2,-inf,25),'1122':(2,-inf,16),'1100':(0,-inf,24),'1000':(0,-inf,12),'2021':(0,-inf,4),'2031':(0,-inf,14),'3031':(0,-inf,12),'4031':(0,-inf,12),'0100':(1,-inf,6),'0102':(0,-inf,4),'4131':(0,-inf,12),'4232':(1,-inf,20),'4231':(0,-inf,12)}
8830 12485632  0 -inf -4 {'1213':(0,-inf,20),'1222':(0,-inf,20),'1202':(0,-inf,12),'0302':(0.0,-inf,4.0),'0313':(0,-inf,12),'4344':(0,-inf,23),'0413':(0,-inf,10),'1413':(0,-inf,10),'2423':(0,-inf,10),'2413':(0,-inf,15),'3444':(0,-inf,23),'3332':(2,-inf,19),'3323':(1,-inf,17),'3344':(0,-inf,26),'3322':(0,-inf,-4)}
12485632 24702  0 -inf -4 {'1120':(2,-inf,28),'1122':(3,-inf,28),'1100':(2,-inf,28),'1020':(0,-inf,12),'1000':(0,-inf,12),'2120':(1,-inf,-8),'2122':(0,-inf,-4),'2131':(0,-inf,28),'3031':(0,-inf,10),'3020':(0,-inf,12),'4031':(0,-inf,10),'0100':(0,-inf,12),'4131':(0,-inf,12),'4232':(0,-inf,10),'4231':(0,-inf,20)}
16548864 955  0 -inf -2 {'1112':(0,-inf,12),'1121':(0,-inf,9),'1102':(0,-inf,9),'1122':(0,-inf,-2),'1100':(0,-inf,9),'1000':(0,-inf,10),'2021':(0,-inf,2),'2031':(0,-inf,10),'3031':(0,-inf,2),'4031':(0,-inf,2),'0100':(0,-inf,10),'0102':(0,-inf,2),'4131':(0,-inf,2),'4232':(0,-inf,23),'4233':(0,-inf,15),'4231':(0,-inf,10)}
955 16290816  0 -inf 10 {'1312':(4.0,-inf,3.0),'1324':(2,-inf,28),'1302':(2,-inf,28),'0302':(2,-inf,28),'4333':(0,-inf,12),'1424':(2,-inf,28),'2324':(0,-inf,28),'2333':(2,-inf,21),'3433':(0,-inf,10),'3424':(2,-inf,32),'4433':(0,-inf,10)}
16290816 8891  -4 -inf -3 {'2221':(1,-inf,19),'2232':(0,-inf,9),'2213':(-4,-inf,-3),'2231':(0,-inf,9),'2233':(-2,-inf,-13),'2211':(0,-inf,22),'1011':(0,-inf,-12),'1000':(1,-inf,-3),'2021':(1,-inf,-17),'2011':(0,-inf,-12),'2031':(0,-inf,-12),'3031':(0,-inf,-12),'4031':(0,-inf,-12),'0100':(1,-inf,19),'0102':(-1,-inf,-14),'0111':(0,-inf,-12),'4131':(0,-inf,-12),'4232':(0,-inf,-12),'4233':(-2,-inf,-14),'4231':(0,-inf,-10)}
32556032 815  -1 -inf 2 {'0001':(-1,-inf,9),'0011':(-1,-inf,2),'1011':(-1,-inf,2),'2021':(-1,-inf,2),'2011':(-1,-inf,7),'2031':(-1,-inf,9),'3031':(-1,-inf,2),'4031':(-1,-inf,2),'0201':(-1,-inf,12),'0212':(-1,-inf,12),'0211':(-1,-inf,10),'4131':(-1,-inf,2),'4232':(-1,-inf,9),'4233':(0,-inf,12),'4231':(-1,-inf,10)}
815 16040960  1.0 -inf -2.0 {'0304':(1,-inf,20),'4333':(1.0,-inf,-2.0),'1312':(2,-inf,27),'1323':(3,-inf,36),'1304':(1,-inf,27),'1322':(2,-inf,19),'1404':(1,-inf,20),'2423':(1,-inf,20),'2433':(1,-inf,20),'3433':(1,-inf,20),'4433':(1,-inf,20)}
16040960 847  -1 -inf 2 {'1112':(-1,-inf,7),'1121':(-1,-inf,2),'1101':(-1,-inf,9),'1122':(1,-inf,17),'1100':(-1,-inf,9),'1000':(-1,-inf,2),'2021':(-1,-inf,2),'2031':(-1,-inf,2),'3031':(-1,-inf,2),'4031':(-1,-inf,2),'0201':(-1,-inf,10),'0212':(0,-inf,10),'4131':(-1,-inf,2),'4243':(1,-inf,10),'4232':(0,-inf,10),'4231':(-1,-inf,2)}
32556032 607  -1 -inf 2 {'0001':(-1,-inf,9),'0011':(-1,-inf,2),'1011':(-1,-inf,2),'2021':(-1,-inf,2),'2011':(-1,-inf,7),'2031':(-1,-inf,9),'3031':(-1,-inf,2),'4031':(-1,-inf,2),'0201':(-1,-inf,12),'0212':(-1,-inf,9),'0211':(-1,-inf,9),'0213':(0,-inf,17),'4131':(-1,-inf,2),'4243':(1,-inf,7),'4232':(-1,-inf,9),'4231':(-1,-inf,6)}
607 16040960  1.0 -inf -2.0 {'0313':(1.0,-inf,-2.0),'3332':(3,-inf,36),'3343':(1,-inf,27),'3323':(3,-inf,28),'3322':(3,-inf,36),'0413':(1.0,-inf,-2.0),'1413':(1,-inf,20),'2423':(3,-inf,28),'2413':(1,-inf,20),'4443':(1,-inf,20)}
16040960 351  -1 -inf 2 {'1112':(-1,-inf,7),'1121':(-1,-inf,2),'1101':(-1,-inf,9),'1122':(1,-inf,13),'1100':(-1,-inf,9),'1000':(-1,-inf,2),'2021':(-1,-inf,2),'2031':(-1,-inf,2),'3031':(-1,-inf,2),'4031':(-1,-inf,2),'0201':(-1,-inf,10),'0203':(0,-inf,5),'0212':(-1,-inf,7),'4131':(-1,-inf,2),'4243':(1,-inf,10),'4232':(-1,-inf,10),'4231':(-1,-inf,2)}
16290816 279099  0 -inf -8 {'2221':(1,-inf,20),'2223':(1,-inf,-5),'2232':(1,-inf,-16),'2212':(0,-inf,-3),'2213':(1,-inf,25),'2231':(1,-inf,-16),'2233':(1,-inf,-5),'1000':(0,-inf,-3),'2021':(0,-inf,-8),'2031':(1,-inf,-16),'3031':(1,-inf,5),'4031':(1,-inf,5),'0100':(1,-inf,20),'4131':(1,-inf,5),'4232':(2,-inf,21),'4233':(1,-inf,12),'4231':(1,-inf,-2)}
33062976 16954  -4 -inf 4 {'0011':(-2,-inf,-5),'1011':(-2,-inf,-4),'2021':(-1,-inf,14),'2011':(-2,-inf,-4),'2031':(-2,-inf,12),'3031':(-2,-inf,12),'4031':(-2,-inf,12),'0111':(-2,-inf,-4),'4142':(-2,-inf,-12),'4131':(-2,-inf,17),'3332':(-2,-inf,20),'3323':(-1,-inf,16),'3324':(-4,-inf,4),'3342':(-2,-inf,12),'3344':(-2,-inf,16),'3322':(-1,-inf,4)}
16944 33062916  4 -inf 9 {'0212':(4,-inf,20),'0211':(5,-inf,19),'0213':(4,-inf,12),'0313':(4,-inf,9),'0414':(4,-inf,19),'0413':(4,-inf,9),'4342':(4.0,-inf,19.0),'4344':(4,-inf,19),'4333':(5,-inf,23)}
33062916 17936  -4 -inf -19 {'0011':(-4,-inf,3),'1011':(-4,-inf,3),'2021':(-2,-inf,20),'2011':(-4,-inf,5),'2031':(-4,-inf,14),'3031':(-4,-inf,3),'4031':(-4,-inf,3),'0111':(-4,-inf,3),'4131':(-4,-inf,3),'2423':(-4,-inf,16),'2434':(-4,-inf,12),'2414':(-4,-inf,16),'2433':(-4,-inf,-19),'2413':(-4,-inf,11)}
24937472 17355  0 -inf 12 {'1110':(0,-inf,28),'1112':(1,-inf,19),'1121':(2,-inf,28),'1122':(2,-inf,20),'0010':(0,-inf,12),'2021':(0,-inf,12),'2010':(0,-inf,17),'2031':(0,-inf,12),'3031':(0,-inf,12),'4031':(0,-inf,12),'4131':(0,-inf,12),'4243':(2,-inf,20),'4232':(0,-inf,23),'4231':(0,-inf,20)}
16548864 18975  -2 -inf -7 {'1112':(1,-inf,19),'1121':(4,-inf,32),'1122':(-1,-inf,-8),'1100':(2,-inf,23),'1000':(2,-inf,23),'2021':(1,-inf,-4),'2031':(0,-inf,12),'3031':(0,-inf,12),'4031':(0,-inf,12),'0100':(1,-inf,17),'4131':(0,-inf,12),'4243':(2,-inf,10),'4233':(-2,-inf,-7),'4231':(0,-inf,12)}
16925 16547904  2.0 -inf 12.0 {'0212':(4,-inf,27),'0213':(4,-inf,23),'0313':(4,-inf,21),'0413':(4,-inf,21),'1413':(4,-inf,21),'2423':(3,-inf,19),'2434':(4,-inf,19),'2413':(2.0,-inf,12.0),'4443':(3,-inf,17),'4434':(2,-inf,28)}
16547904 17177  -2 -inf -12 {'1112':(0,-inf,13),'1121':(0,-inf,23),'1122':(-2,-inf,-12),'1100':(-1,-inf,15),'1000':(0,-inf,15),'2021':(0,-inf,13),'2031':(0,-inf,24),'3031':(0,-inf,24),'4031':(0,-inf,24),'0100':(0,-inf,15),'4142':(-2,-inf,-10),'4131':(0,-inf,24),'3332':(-2,-inf,-1),'3334':(-1,-inf,-6),'3343':(-2,-inf,12),'3323':(-1,-inf,12),'3324':(-1,-inf,-7),'3342':(-2,-inf,10),'3322':(-2,-inf,-8)}
33062976 17171  -2 -inf 5 {'0011':(0,-inf,13),'1011':(0,-inf,15),'2021':(-1,-inf,21),'2011':(0,-inf,13),'2031':(-1,-inf,19),'3031':(-1,-inf,24),'4031':(-1,-inf,24),'0111':(0,-inf,15),'4142':(-2,-inf,5),'4131':(-1,-inf,24),'3332':(-2,-inf,17),'3343':(-2,-inf,17),'3323':(-1,-inf,17),'3324':(-1,-inf,16),'3342':(-2,-inf,12),'3322':(-1,-inf,11)}
17171 33031232  2.0 -inf -3.0 {'0212':(2.0,-inf,-3.0),'0211':(3,-inf,36),'0414':(2,-inf,20),'1312':(2,-inf,20),'1314':(2,-inf,28),'1323':(2,-inf,20),'1322':(3,-inf,21),'1324':(2,-inf,28),'3424':(4,-inf,17),'4443':(3,-inf,-7)}
33031232 8979  -2 -inf 3 {'0011':(-2,-inf,3),'1011':(-2,-inf,10),'2021':(-1,-inf,-12),'2011':(-2,-inf,12),'2031':(-2,-inf,4),'3031':(-2,-inf,8),'4041':(-2,-inf,12),'4031':(-2,-inf,8),'0102':(-1,-inf,-12),'0111':(-2,-inf,14),'4241':(-1,-inf,24),'4243':(-2,-inf,9),'4232':(-2,-inf,15),'4231':(-1,-inf,24),'3332':(-2,-inf,17),'3343':(-2,-inf,17),'3323':(-1,-inf,14),'3324':(0,-inf,19),'3322':(-1,-inf,4)}
16548864 17267  0 -inf 10 {'1112':(1,-inf,12),'1121':(2,-inf,28),'1122':(2,-inf,22),'1100':(0,-inf,19),'1000':(0,-inf,12),'2021':(0,-inf,10),'2031':(0,-inf,10),'3031':(0,-inf,10),'4031':(0,-inf,10),'0100':(0,-inf,12),'4131':(0,-inf,10),'4232':(0,-inf,23),'4231':(0,-inf,20)}
17267 12485632  0.0 -inf 2.0 {'0212':(0,-inf,15),'0414':(0,-inf,12),'1312':(0.0,-inf,2.0),'1314':(0.0,-inf,6.0),'1323':(0,-inf,12),'1322':(2,-inf,14),'1324':(0,-inf,12),'3332':(1,-inf,27),'3323':(0,-inf,12),'3324':(0,-inf,26),'3322':(2,-inf,19),'3424':(0,-inf,12)}
12485632 25203  0 -inf -2 {'1120':(2,-inf,28),'1122':(3,-inf,28),'1100':(2,-inf,28),'1020':(0,-inf,12),'1000':(0,-inf,12),'2120':(0,-inf,27),'2122':(0,-inf,-2),'2131':(0,-inf,21),'3031':(0,-inf,10),'3020':(0,-inf,12),'4031':(0,-inf,10),'0100':(0,-inf,12),'4131':(0,-inf,12),'4232':(0,-inf,10),'4231':(0,-inf,20)}
12485632 17239  0 -inf 10 {'1112':(4,-inf,28),'1120':(2,-inf,28),'1122':(3,-inf,28),'1100':(2,-inf,28),'1020':(0,-inf,12),'1000':(0,-inf,12),'2120':(0,-inf,12),'2122':(2,-inf,14),'2131':(0,-inf,12),'3031':(0,-inf,10),'3020':(0,-inf,12),'4031':(0,-inf,10),'0100':(0,-inf,12),'4131':(0,-inf,10),'4243':(2,-inf,18),'4232':(0,-inf,10),'4231':(0,-inf,10)}
16548864 17021  0 -inf 10 {'1112':(1,-inf,4),'1121':(2,-inf,20),'1122':(2,-inf,20),'1100':(0,-inf,12),'1000':(0,-inf,10),'2021':(0,-inf,10),'2031':(0,-inf,10),'3031':(0,-inf,10),'4031':(0,-inf,10),'0100':(0,-inf,10),'4131':(0,-inf,10),'4232':(0,-inf,18),'4231':(0,-inf,18)}
17021 24937472  0.0 -inf -12.0 {'0212':(0,-inf,18),'0213':(0,-inf,18),'0313':(0,-inf,10),'0413':(0.0,-inf,-12.0),'1413':(0,-inf,10),'2423':(0,-inf,10),'2434':(0,-inf,12),'2413':(0,-inf,10),'4434':(0,-inf,10),'3332':(0,-inf,19),'3334':(0,-inf,12),'3323':(2,-inf,20),'3322':(2,-inf,20)}
24937472 17261  0 -inf 12 {'1110':(0,-inf,19),'1112':(1,-inf,12),'1121':(2,-inf,28),'1122':(2,-inf,22),'0010':(0,-inf,12),'2021':(0,-inf,12),'2010':(0,-inf,17),'2031':(0,-inf,12),'3031':(0,-inf,12),'4031':(0,-inf,12),'4131':(0,-inf,12),'4232':(0,-inf,23),'4231':(0,-inf,20)}
16548864 8767  0 -inf -10 {'1121':(2,-inf,20),'1102':(2,-inf,19),'1122':(0,-inf,-10),'1100':(0,-inf,12),'1000':(0,-inf,10),'2021':(0,-inf,-4),'2031':(0,-inf,-4),'3031':(0,-inf,-4),'4031':(0,-inf,-4),'0100':(0,-inf,10),'0102':(0.0,-inf,2.0),'4131':(0,-inf,-4),'4232':(0,-inf,12),'4233':(2,-inf,19),'4231':(0,-inf,10)}
8767 16290816  0.0 -inf 12.0 {'1211':(1,-inf,27),'1213':(0,-inf,28),'1202':(2,-inf,27),'0302':(4,-inf,47),'0313':(0.0,-inf,12.0),'4333':(1,-inf,23),'0413':(0,-inf,26),'1413':(0,-inf,26),'2423':(4.0,-inf,3.0),'2433':(3,-inf,5),'2413':(0,-inf,26),'3433':(1.0,-inf,-12.0),'4433':(1,-inf,20)}
16290816 8829  -1 -inf 12 {'2221':(2,-inf,20),'2223':(1,-inf,14),'2232':(0,-inf,22),'2213':(-1,-inf,12),'2231':(0,-inf,12),'2211':(0,-inf,22),'1011':(0,-inf,-14),'1000':(2,-inf,16),'2021':(3,-inf,21),'2011':(0,-inf,-14),'2031':(0,-inf,-14),'3031':(0,-inf,-14),'4031':(0,-inf,-14),'0100':(2,-inf,20),'0102':(1,-inf,4),'0111':(0,-inf,-10),'4131':(0,-inf,-10),'4232':(0,-inf,-4),'4231':(0,-inf,-4)}
16040960 731  -3 -inf -12 {'1112':(-1,-inf,7),'1121':(-1,-inf,2),'1101':(-1,-inf,9),'1122':(0,-inf,15),'1100':(-1,-inf,9),'1000':(-1,-inf,2),'2021':(-1,-inf,2),'2031':(-1,-inf,2),'3031':(-1,-inf,2),'4031':(-1,-inf,2),'0201':(-1,-inf,19),'0212':(0,-inf,4),'0213':(-3,-inf,-12),'4131':(-1,-inf,2),'4243':(-1,-inf,12),'4232':(-1,-inf,10),'4231':(-1,-inf,2)}
16548864 17019  0 -inf 10 {'1112':(1,-inf,4),'1121':(2,-inf,19),'1122':(2,-inf,20),'1100':(0,-inf,12),'1000':(0.0,-inf,12.0),'2021':(0,-inf,10),'2031':(0,-inf,10),'3031':(0,-inf,10),'4031':(0,-inf,10),'0100':(0,-inf,10),'4131':(0,-inf,10),'4232':(0,-inf,18),'4231':(0,-inf,18)}
17019 12485632  0.0 -inf 4.0 {'0212':(0,-inf,20),'0213':(0,-inf,20),'0313':(0,-inf,12),'0413':(0,-inf,12),'1413':(0,-inf,12),'1424':(0,-inf,12),'3424':(0.0,-inf,4.0),'3332':(2,-inf,29),'3323':(2,-inf,28),'3324':(0,-inf,14),'3322':(2,-inf,29)}
12485632 17021  0 -inf -4 {'1112':(4,-inf,23),'1120':(2,-inf,20),'1122':(3,-inf,21),'1100':(2,-inf,22),'1020':(0,-inf,10),'1000':(0,-inf,10),'2120':(0.0,-inf,12.0),'2122':(2,-inf,12),'2131':(0,-inf,10),'3031':(0,-inf,8),'3020':(0,-inf,10),'4031':(0,-inf,8),'0100':(0,-inf,10),'4131':(0,-inf,8),'4232':(0,-inf,-4),'4231':(0,-inf,16)}
32556032 635  -1 -inf 2 {'0001':(-1,-inf,9),'0011':(-1,-inf,2),'1011':(-1,-inf,2),'2021':(-1,-inf,2),'2011':(-1,-inf,7),'2031':(-1,-inf,9),'3031':(-1,-inf,2),'4031':(-1,-inf,2),'0201':(-1,-inf,12),'0212':(-1,-inf,12),'0211':(-1,-inf,10),'0213':(-1,-inf,4),'4131':(-1,-inf,2),'4232':(-1,-inf,12),'4231':(-1,-inf,10)}
635 16040960  1.0 -inf -2.0 {'0313':(1,-inf,20),'0413':(1,-inf,20),'1413':(1,-inf,20),'1424':(1,-inf,20),'3332':(3,-inf,42),'3323':(3,-inf,36),'3324':(1,-inf,27),'3322':(4,-inf,15),'3424':(1.0,-inf,-2.0)}
16040960 637  -1 -inf 2 {'1112':(-1,-inf,7),'1121':(-1,-inf,2),'1101':(-1,-inf,9),'1122':(1,-inf,4),'1100':(-1,-inf,9),'1000':(-1,-inf,2),'2021':(-1,-inf,2),'2031':(-1,-inf,2),'3031':(-1,-inf,2),'4031':(-1,-inf,2),'0201':(-1,-inf,10),'0212':(-1,-inf,7),'0213':(0,-inf,10),'4131':(-1,-inf,2),'4232':(-1,-inf,10),'4231':(-1,-inf,2)}
33063936 16703  0 -inf 10 {'0011':(0,-inf,10),'1011':(0,-inf,10),'2021':(2,-inf,18),'2011':(0,-inf,12),'2031':(0,-inf,12),'3031':(0,-inf,10),'4031':(0,-inf,10),'0111':(0,-inf,10),'4131':(0,-inf,10),'4232':(0,-inf,17),'4233':(1,-inf,20),'4231':(0,-inf,24)}
16703 16548864  0.0 -inf 4.0 {'0203':(0,-inf,24),'0212':(1,-inf,8),'1312':(0,-inf,15),'1323':(2.0,-inf,10.0),'1303':(0.0,-inf,4.0),'1322':(2,-inf,20),'4333':(0,-inf,10),'0403':(0,-inf,22),'2423':(0,-inf,10),'2433':(0,-inf,10),'3433':(0,-inf,10),'4433':(0,-inf,10)}
16290816 17083  -2 -inf -12 {'2221':(1,-inf,19),'2232':(0,-inf,15),'2212':(1,-inf,-3),'2213':(-1,-inf,5),'2231':(0,-inf,10),'2233':(-2,-inf,-12),'2211':(0.0,-inf,12.0),'1011':(0,-inf,-4),'1000':(1,-inf,-3),'2021':(1,-inf,-17),'2011':(0,-inf,-4),'2031':(0,-inf,-12),'3031':(0,-inf,-12),'4031':(0,-inf,-12),'0100':(1,-inf,19),'0111':(0,-inf,-4),'4131':(0,-inf,-12),'4232':(0,-inf,-14),'4233':(-2,-inf,-12),'4231':(0,-inf,-2)}
16290816 17199  0 -inf -12 {'2221':(2,-inf,20),'2223':(1,-inf,12),'2232':(0,-inf,15),'2212':(1,-inf,4),'2231':(0,-inf,10),'2233':(0,-inf,23),'2211':(0.0,-inf,12.0),'1011':(0,-inf,-12),'1000':(1,-inf,4),'2021':(0,-inf,10),'2011':(0,-inf,-12),'2031':(0,-inf,-12),'3031':(0,-inf,-12),'4031':(0,-inf,-12),'0100':(2,-inf,20),'0111':(0,-inf,-12),'4131':(0,-inf,-12),'4232':(0,-inf,-12),'4233':(0,-inf,23),'4231':(0,-inf,-10)}
16548864 21051  -2 -inf -5 {'1112':(-2,-inf,5),'1121':(4,-inf,32),'1100':(2,-inf,27),'1000':(2,-inf,27),'2021':(1,-inf,5),'2031':(1,-inf,5),'3031':(1,-inf,5),'4031':(2,-inf,18),'0100':(1,-inf,17),'4131':(2,-inf,18),'4232':(1,-inf,-2),'4233':(-2,-inf,-5),'4231':(1,-inf,16)}
16954 16547904  2.0 -inf 12.0 {'0212':(4,-inf,17),'0213':(3.0,-inf,19.0),'0313':(4,-inf,9),'4342':(4,-inf,9),'4344':(4,-inf,19),'0413':(4,-inf,9),'1413':(2,-inf,29),'1424':(2,-inf,28),'3444':(2.0,-inf,12.0),'3424':(3,-inf,17)}
16547904 16953  -2 -inf -12 {'1112':(-1,-inf,-10),'1121':(0,-inf,21),'1122':(-2,-inf,-12),'1100':(-2,-inf,17),'1000':(-2,-inf,-4),'2021':(-2,-inf,-12),'2031':(-2,-inf,-12),'3031':(-2,-inf,-12),'4031':(-2,-inf,-12),'0100':(-2,-inf,-4),'4142':(-2,-inf,-12),'4131':(-2,-inf,-12),'3332':(-2,-inf,-4),'3334':(-1,-inf,-3),'3323':(-2,-inf,-4),'3324':(-1,-inf,8),'3342':(-2,-inf,10),'3322':(-2,-inf,-4)}
16290816 16959  -2 -inf -8 {'2221':(2,-inf,20),'2223':(0,-inf,-3),'2232':(0,-inf,10),'2212':(1,-inf,-3),'2213':(-2,-inf,-8),'2231':(0,-inf,10),'2233':(0.0,-inf,-12.0),'2211':(0.0,-inf,10.0),'1011':(0,-inf,-6),'1000':(1,-inf,-3),'2021':(1,-inf,-8),'2011':(0,-inf,-6),'2031':(0,-inf,-14),'3031':(0,-inf,-14),'4031':(0,-inf,-14),'0100':(2,-inf,20),'0111':(0,-inf,-6),'4131':(0,-inf,-14),'4232':(0,-inf,-14),'4233':(0.0,-inf,-12.0),'4231':(0,-inf,-4)}
16548864 20543  -2 -inf -6 {'1112':(-2,-inf,-6),'1121':(4,-inf,32),'1100':(2,-inf,27),'1000':(2,-inf,27),'2021':(1,-inf,-4),'2031':(1,-inf,5),'3031':(1,-inf,5),'4031':(2,-inf,18),'0100':(1,-inf,19),'4131':(2,-inf,18),'4232':(1,-inf,-4),'4233':(-1,-inf,7),'4231':(1,-inf,16)}
63 16294912  2.0 -inf 10.0 {'4333':(2.0,-inf,10.0),'0403':(2,-inf,22),'0413':(2,-inf,32),'1413':(2,-inf,24),'2423':(4,-inf,36),'2433':(2,-inf,28),'2413':(2,-inf,25),'3433':(2,-inf,20),'4433':(2,-inf,20)}
16294912 95  -2 -inf -10 {'1211':(-2,-inf,6),'1213':(-2,-inf,2),'1222':(0,-inf,9),'1202':(-2,-inf,9),'1011':(-2,-inf,4),'1000':(-2,-inf,7),'2021':(-2,-inf,4),'2011':(-2,-inf,7),'2031':(-2,-inf,9),'3031':(-2,-inf,4),'4031':(-2,-inf,4),'0100':(-2,-inf,9),'0102':(-2,-inf,7),'0111':(-2,-inf,4),'4131':(-2,-inf,4),'4243':(0,-inf,-8),'4232':(0,-inf,13),'4231':(-2,-inf,-10)}
16548864 21023  -2 -inf -26 {'1112':(-2,-inf,2),'1121':(4,-inf,32),'1100':(2,-inf,23),'1000':(2,-inf,23),'2021':(1,-inf,-4),'2031':(1,-inf,5),'3031':(1,-inf,5),'4031':(2,-inf,18),'0100':(1,-inf,17),'4131':(2,-inf,18),'4243':(0,-inf,17),'4232':(1,-inf,-8),'4233':(-2,-inf,-26),'4231':(1,-inf,12)}
16926 16547904  2.0 -inf 15.0 {'0212':(2,-inf,26),'0213':(2,-inf,34),'0313':(2,-inf,28),'0413':(2,-inf,26),'1413':(2.0,-inf,15.0),'2423':(4,-inf,30),'2413':(4,-inf,28),'3444':(4,-inf,21)}
16547904 17174  -2 -inf -15 {'1112':(-1,-inf,-15),'1121':(0,-inf,12),'1122':(-2,-inf,-15),'1100':(-2,-inf,17),'1000':(0,-inf,15),'2021':(0,-inf,13),'2031':(0,-inf,24),'3031':(0,-inf,24),'4031':(0,-inf,24),'0100':(0,-inf,15),'4142':(0,-inf,9),'4131':(0,-inf,24),'3332':(-2,-inf,1),'3343':(-2,-inf,12),'3323':(-1,-inf,12),'3342':(-2,-inf,10),'3344':(-2,-inf,14),'3322':(-2,-inf,-6)}
16548864 8799  0 -inf 4 {'1121':(2,-inf,20),'1102':(2,-inf,25),'1122':(2,-inf,15),'1100':(0,-inf,19),'1000':(0,-inf,12),'2021':(0,-inf,4),'2031':(0,-inf,10),'3031':(0,-inf,12),'4031':(0,-inf,12),'0100':(0,-inf,19),'0102':(0,-inf,4),'4131':(0,-inf,12),'4243':(2,-inf,12),'4232':(1,-inf,14),'4231':(0,-inf,12)}
8799 12485632  0 -inf -4 {'1213':(0,-inf,20),'1222':(0,-inf,20),'1202':(0,-inf,12),'0302':(0,-inf,10),'0313':(0,-inf,12),'3332':(2,-inf,19),'3343':(0,-inf,26),'3323':(0.0,-inf,10.0),'3322':(0,-inf,-4),'0413':(0,-inf,10),'1413':(0,-inf,10),'2423':(0,-inf,10),'2413':(0,-inf,21),'4443':(0,-inf,23)}
12485632 8863  0 -inf -10 {'1102':(1,-inf,-1),'1120':(2,-inf,20),'1122':(1,-inf,-8),'1100':(2,-inf,21),'1020':(0,-inf,12),'1000':(0,-inf,4),'2120':(0,-inf,19),'2122':(0,-inf,-10),'2131':(0,-inf,11),'3031':(0,-inf,4),'3020':(0,-inf,12),'4031':(0,-inf,4),'0100':(0,-inf,12),'0102':(0,-inf,4),'4131':(0,-inf,4),'4243':(0,-inf,12),'4232':(0,-inf,10),'4233':(2,-inf,19),'4231':(0,-inf,4)}
33062916 786  -4 -inf 9 {'0011':(-3,-inf,-8),'1011':(-3,-inf,-8),'2021':(-3,-inf,-4),'2011':(-3,-inf,-8),'2031':(-3,-inf,-8),'3031':(-3,-inf,-8),'4031':(-3,-inf,-8),'0102':(-3,-inf,13),'0111':(-3,-inf,-8),'4142':(-2,-inf,13),'4131':(-3,-inf,-4),'2423':(-3,-inf,13),'2414':(-3,-inf,11),'2433':(-4,-inf,9)}
33062976 16919  -2 -inf -7 {'0011':(-2,-inf,-7),'1011':(-2,-inf,-7),'2021':(-1,-inf,-8),'2011':(-2,-inf,-6),'2031':(-2,-inf,12),'3031':(-2,-inf,12),'4031':(-2,-inf,12),'0111':(-2,-inf,-6),'4142':(-2,-inf,-4),'4131':(-2,-inf,12),'3332':(-2,-inf,6),'3343':(-2,-inf,17),'3323':(-1,-inf,13),'3342':(-2,-inf,12),'3322':(-1,-inf,-6)}
16919 16547904  2 -inf 26 {'0212':(2,-inf,26),'0213':(2,-inf,28),'0313':(2,-inf,26),'0414':(2,-inf,28),'0413':(2,-inf,26),'2423':(2,-inf,28),'2414':(3.0,-inf,9.0),'2413':(2,-inf,27),'4443':(2,-inf,28)}
16547904 16923  -3 -inf -9 {'1112':(-1,-inf,-22),'1121':(-2,-inf,18),'1122':(-2,-inf,-12),'1100':(-2.0,-inf,5.0),'1000':(-2,-inf,-12),'2021':(-2,-inf,-12),'2031':(-2,-inf,-12),'3031':(-2,-inf,-12),'4031':(-2,-inf,-12),'0100':(-2,-inf,-12),'4142':(-2,-inf,-12),'4131':(-2,-inf,-12),'3332':(-2,-inf,-8),'3343':(-2,-inf,12),'3323':(-2,-inf,-8),'3324':(-3,-inf,-9),'3342':(-2,-inf,5),'3322':(-2,-inf,-8)}
16290816 262463  -2 -inf -6 {'2221':(-1,-inf,6),'2223':(0,-inf,19),'2232':(0,-inf,19),'2212':(-2,-inf,-6),'2231':(0,-inf,23),'2233':(1,-inf,-10),'1000':(-1,-inf,-12),'2021':(-1,-inf,-12),'2031':(2,-inf,-7),'3031':(1,-inf,-1),'4031':(1,-inf,-1),'0100':(-1,-inf,-12),'0102':(1,-inf,4),'4131':(1,-inf,-1),'4232':(1,-inf,17),'4233':(3,-inf,18),'4231':(1,-inf,9)}
12485632 8827  0 -inf -6 {'1102':(1,-inf,4),'1120':(2,-inf,19),'1122':(3,-inf,21),'1100':(2,-inf,21),'1020':(0,-inf,12),'1000':(0,-inf,12),'2120':(0,-inf,22),'2122':(0,-inf,-6),'2131':(0,-inf,10),'3031':(0,-inf,4),'3020':(0,-inf,12),'4031':(0,-inf,4),'0100':(0,-inf,12),'0102':(0,-inf,4),'4131':(0,-inf,4),'4232':(0,-inf,10),'4231':(0,-inf,12)}
24937472 17269  0 -inf 12 {'0010':(0,-inf,12),'1110':(0,-inf,19),'1112':(1,-inf,12),'1121':(2,-inf,28),'1122':(2,-inf,22),'2021':(0,-inf,12),'2010':(0,-inf,17),'2031':(0,-inf,12),'3031':(0,-inf,12),'4031':(0,-inf,12),'4131':(0,-inf,12),'4232':(0,-inf,23),'4231':(0,-inf,20)}
17269 16548864  0 -inf -12 {'0212':(0,-inf,-4),'0414':(0,-inf,10),'1312':(0,-inf,-12),'1314':(0.0,-inf,-10.0),'1323':(0,-inf,10),'1322':(2.0,-inf,8.0),'2423':(0.0,-inf,-12.0),'2434':(0.0,-inf,-10.0),'2414':(0,-inf,10),'3332':(1,-inf,24),'3334':(0.0,-inf,10.0),'3323':(0,-inf,10),'3322':(2,-inf,18),'4434':(0.0,-inf,-12.0)}
16548864 17393  0 -inf 12 {'1000':(0,-inf,12),'1112':(1,-inf,19),'1121':(2,-inf,28),'1122':(2,-inf,22),'1100':(0,-inf,28),'2021':(0,-inf,12),'2031':(0,-inf,12),'3031':(0,-inf,12),'4031':(0,-inf,12),'0100':(0,-inf,12),'4131':(0,-inf,12),'4232':(0,-inf,23),'4231':(0,-inf,20)}
33062976 16925  -4 -inf 3 {'0011':(-2,-inf,-7),'1011':(-2,-inf,-7),'2021':(-1,-inf,-8),'2011':(-2,-inf,-6),'2031':(-2,-inf,12),'3031':(-2,-inf,12),'4031':(-2,-inf,12),'0111':(-2,-inf,-6),'4142':(-2,-inf,-7),'4131':(-2,-inf,12),'3332':(-2,-inf,6),'3334':(-4,-inf,3),'3343':(-2,-inf,17),'3323':(-1,-inf,13),'3342':(-2,-inf,12),'3322':(-1,-inf,-6)}
16920 33062914  4.0 -inf 16.0 {'0212':(4,-inf,27),'0211':(5,-inf,29),'0213':(4.0,-inf,16.0),'0313':(4,-inf,23),'0413':(4,-inf,21),'1413':(4,-inf,21),'1424':(4,-inf,21)}
33062914 792  -4 -inf -16 {'0011':(-4,-inf,-16),'1011':(-4,-inf,-9),'2021':(-4,-inf,4),'2011':(-4,-inf,-9),'2031':(-4,-inf,4),'3031':(-4,-inf,10),'4031':(-4,-inf,10),'0102':(-4,-inf,-6),'0111':(-4,-inf,-9),'4142':(-4,-inf,2),'4131':(-4,-inf,10),'3433':(-4,-inf,4),'3444':(-4,-inf,5),'3424':(-4,-inf,-3)}
16548864 16735  0 -inf 12 {'1112':(1,-inf,12),'1121':(2,-inf,28),'1122':(2,-inf,20),'1100':(0,-inf,19),'1000':(0,-inf,12),'2021':(0,-inf,12),'2031':(0,-inf,12),'3031':(0,-inf,12),'4031':(0,-inf,12),'0100':(0,-inf,12),'4131':(0,-inf,12),'4243':(2,-inf,18),'4232':(0,-inf,15),'4231':(0,-inf,12)}
16735 24937472  0 -inf -12 {'0203':(0,-inf,18),'0212':(0,-inf,-4),'1312':(0,-inf,-12),'1323':(0,-inf,10),'1303':(0.0,-inf,-10.0),'1322':(2,-inf,18),'3332':(0,-inf,16),'3343':(0,-inf,10),'3323':(0,-inf,10),'3322':(2,-inf,18),'0403':(0,-inf,10),'2423':(0,-inf,8),'4443':(0,-inf,10)}
16548864 17085  -2 -inf -7 {'1112':(1,-inf,-3),'1121':(1,-inf,19),'1122':(0,-inf,-12),'1100':(0,-inf,12),'1000':(0,-inf,10),'2021':(0,-inf,5),'2031':(0,-inf,10),'3031':(0,-inf,10),'4031':(0,-inf,10),'0100':(0,-inf,10),'4131':(0,-inf,10),'4232':(0,-inf,-2),'4233':(-2,-inf,-7),'4231':(0,-inf,-2)}
16548864 8829  0 -inf 4 {'1121':(2,-inf,20),'1102':(2,-inf,25),'1122':(2,-inf,16),'1100':(0,-inf,19),'1000':(0,-inf,12),'2021':(0,-inf,4),'2031':(0,-inf,10),'3031':(0,-inf,12),'4031':(0,-inf,12),'0100':(0,-inf,23),'0102':(0,-inf,4),'4131':(0,-inf,12),'4232':(1,-inf,14),'4231':(0,-inf,12)}
8829 12485632  0 -inf -4 {'1213':(0,-inf,20),'1222':(0.0,-inf,-2.0),'1202':(0.0,-inf,4.0),'0302':(0,-inf,10),'0313':(0,-inf,12),'0413':(0,-inf,10),'1413':(0.0,-inf,6.0),'2423':(0,-inf,10),'2434':(0.0,-inf,6.0),'2413':(0,-inf,15),'3332':(2,-inf,19),'3334':(0,-inf,26),'3323':(1,-inf,21),'3322':(0,-inf,-4),'4434':(0,-inf,23)}
12485632 9077  0 -inf -6 {'1102':(0,-inf,6),'1120':(2,-inf,28),'1122':(3,-inf,28),'1100':(2,-inf,28),'1020':(0,-inf,12),'1000':(0,-inf,12),'2120':(0,-inf,12),'2122':(0,-inf,-6),'2131':(0,-inf,12),'3031':(0,-inf,8),'3020':(0,-inf,12),'4031':(0,-inf,8),'0100':(0,-inf,12),'0102':(0,-inf,4),'4131':(0,-inf,8),'4232':(0,-inf,10),'4231':(0,-inf,12)}
16547904 16911  -2 -inf -10 {'1112':(-1,-inf,-15),'1121':(0,-inf,20),'1122':(-2,-inf,-10),'1100':(-2,-inf,17),'1000':(-2,-inf,-10),'2021':(-2,-inf,-10),'2031':(-2,-inf,-10),'3031':(-2,-inf,-10),'4031':(-2,-inf,-10),'0100':(-2,-inf,-10),'4142':(-2,-inf,-10),'4131':(-2,-inf,-10),'3332':(-2,-inf,-8),'3343':(-2,-inf,12),'3323':(-2,-inf,-10),'3342':(-2,-inf,5),'3322':(-2,-inf,-8)}
16290816 17207  0 -inf -12 {'2221':(2,-inf,20),'2223':(1,-inf,12),'2232':(0,-inf,15),'2212':(1,-inf,4),'2231':(0,-inf,10),'2233':(0,-inf,23),'2211':(0.0,-inf,12.0),'1011':(0,-inf,-12),'1000':(1,-inf,4),'2021':(0,-inf,10),'2011':(0,-inf,-12),'2031':(0,-inf,-12),'3031':(0,-inf,-12),'4031':(0,-inf,-12),'0100':(2,-inf,20),'0111':(0,-inf,-12),'4131':(0,-inf,-12),'4232':(0,-inf,-12),'4233':(0,-inf,23),'4231':(0,-inf,-4)}
33062976 17163  -3.0 -inf -8.0 {'0011':(0,-inf,13),'1011':(0,-inf,15),'2021':(-1,-inf,19),'2011':(0,-inf,13),'2031':(-1,-inf,19),'3031':(-1,-inf,24),'4031':(-1,-inf,24),'0111':(0,-inf,15),'4142':(-2,-inf,5),'4131':(-1,-inf,24),'3332':(-2,-inf,17),'3343':(-2,-inf,17),'3323':(-1,-inf,17),'3324':(-3.0,-inf,-8.0),'3342':(-2,-inf,12),'3322':(-1,-inf,11)}
17153 33062916  3.0 -inf 8.0 {'0212':(4,-inf,17),'0211':(5,-inf,19),'0304':(3.0,-inf,8.0),'1312':(4,-inf,17),'1314':(4.0,-inf,-17.0),'1323':(6,-inf,45),'1304':(4,-inf,19),'1322':(6,-inf,24),'4443':(4,-inf,9),'4434':(4,-inf,17),'4433':(6,-inf,30)}
33062916 16905  -4 -inf 17 {'0011':(-3,-inf,-8),'1011':(-3,-inf,-8),'2021':(-1,-inf,8),'2011':(-3,-inf,-8),'2031':(-3,-inf,-8),'3031':(-3,-inf,-8),'4031':(-3,-inf,-8),'0111':(-3,-inf,-8),'4142':(-2,-inf,16),'4131':(-3,-inf,-4),'2423':(-3,-inf,13),'2434':(-3,-inf,10),'2433':(-4,-inf,17),'2413':(-3,-inf,11)}
16547904 8733  -4 -inf -12 {'1121':(-1,-inf,15),'1102':(0,-inf,-4),'1122':(-2,-inf,-14),'1100':(-1,-inf,15),'1000':(0,-inf,15),'2021':(0,-inf,15),'2031':(0,-inf,11),'3031':(0,-inf,21),'4031':(0,-inf,21),'0100':(0,-inf,17),'0102':(-1,-inf,15),'4142':(-2,-inf,-8),'4131':(0,-inf,21),'3332':(-2,-inf,-6),'3334':(-4,-inf,-12),'3343':(-2,-inf,14),'3323':(-1,-inf,15),'3342':(-2,-inf,4),'3322':(-2,-inf,-12)}
12485632 10783  -2 -inf -14 {'1102':(0,-inf,23),'1120':(4,-inf,25),'1122':(-2,-inf,-10),'1100':(1,-inf,19),'1020':(3,-inf,-6),'1000':(1,-inf,5),'2120':(1,-inf,-10),'2122':(-2,-inf,-14),'2131':(0,-inf,7),'3031':(0,-inf,4),'3020':(3,-inf,-6),'4031':(0,-inf,4),'0100':(1,-inf,8),'0102':(0,-inf,-8),'4131':(0,-inf,4),'4243':(2,-inf,10),'4233':(0,-inf,15),'4231':(0,-inf,10)}
16547904 783  -2 -inf -12 {'1112':(-1,-inf,13),'1121':(-1,-inf,15),'1102':(-1,-inf,9),'1122':(-2,-inf,-12),'1100':(-1,-inf,15),'1000':(0,-inf,15),'2021':(0,-inf,15),'2031':(0,-inf,11),'3031':(0,-inf,21),'4031':(0,-inf,21),'0100':(0,-inf,17),'0102':(0,-inf,9),'4142':(-2,-inf,-8),'4131':(0,-inf,21),'3332':(-2,-inf,-8),'3343':(-2,-inf,15),'3323':(-1,-inf,15),'3342':(-2,-inf,9),'3322':(-2,-inf,-8)}
16548864 9019  0 -inf -10 {'1121':(2,-inf,20),'1102':(2,-inf,25),'1122':(0,-inf,-10),'1100':(0,-inf,19),'1000':(0,-inf,12),'2021':(0.0,-inf,4.0),'2031':(0,-inf,10),'3031':(0,-inf,12),'4031':(0,-inf,12),'0100':(0,-inf,23),'0102':(0,-inf,4),'4131':(0,-inf,12),'4232':(0,-inf,23),'4233':(2,-inf,21),'4231':(0,-inf,12)}
9019 16290816  0.0 -inf 12.0 {'1211':(2.0,-inf,8.0),'1202':(0.0,-inf,12.0),'0302':(0,-inf,26),'4333':(2.0,-inf,7.0),'1424':(0,-inf,26),'1323':(4.0,-inf,3.0),'1324':(1,-inf,27),'1302':(1,-inf,0),'3433':(2,-inf,19),'3424':(0,-inf,26),'4433':(2,-inf,21)}
16290816 9051  -2 -inf -7 {'2221':(2,-inf,28),'2223':(-2,-inf,-7),'2232':(0,-inf,26),'2231':(0,-inf,26),'2211':(0,-inf,12),'1011':(0,-inf,-8),'1000':(2,-inf,19),'2021':(3,-inf,28),'2011':(0,-inf,-8),'2031':(0,-inf,-8),'3031':(0,-inf,-8),'4031':(0,-inf,-8),'0100':(2,-inf,28),'0102':(1,-inf,17),'0111':(0,-inf,-8),'4131':(0,-inf,-4),'4243':(2,-inf,22),'4232':(0,-inf,-4),'4231':(0,-inf,20)}
33062976 262683  -4 -inf 16 {'2021':(-3,-inf,-14),'2031':(-1,-inf,11),'3031':(-1,-inf,21),'4031':(-1,-inf,21),'0102':(-3,-inf,-17),'4142':(-2,-inf,-8),'4131':(-1,-inf,21),'3332':(-2,-inf,6),'3343':(-2,-inf,24),'3323':(-3.0,-inf,-8.0),'3324':(-4,-inf,16),'3342':(-2,-inf,20),'3322':(-3,-inf,-8)}
262673 33062916  4.0 -inf 6.0 {'1112':(4,-inf,21),'1121':(5,-inf,22),'1102':(4,-inf,19),'1122':(6,-inf,28),'0302':(4,-inf,21),'0313':(4,-inf,25),'0414':(4.0,-inf,6.0),'0413':(5,-inf,19),'4443':(5,-inf,19),'4434':(4,-inf,23),'4433':(5,-inf,28)}
33062916 262665  -4 -inf -6 {'2021':(-4,-inf,-6),'2031':(-2,-inf,0),'3031':(-4,-inf,20),'4031':(-4,-inf,20),'0102':(-3,-inf,13),'4142':(-3,-inf,11),'4131':(-4,-inf,24),'2423':(-4,-inf,-2),'2434':(-3,-inf,18),'2433':(-3,-inf,15),'2413':(-3,-inf,11)}
16548864 17262  0 -inf 12 {'1112':(1,-inf,19),'1121':(2,-inf,28),'1122':(2,-inf,22),'1100':(0,-inf,24),'1000':(0,-inf,12),'2021':(0,-inf,12),'2031':(0,-inf,12),'3031':(0,-inf,12),'4031':(0,-inf,12),'0100':(0,-inf,12),'4131':(0,-inf,12),'4232':(0,-inf,23),'4231':(0,-inf,19)}
17262 24937472  0 -inf -12 {'0212':(0.0,-inf,-4.0),'0304':(0,-inf,10),'4344':(0,-inf,10),'1312':(0,-inf,-12),'1323':(0,-inf,10),'1304':(0,-inf,10),'1322':(2,-inf,18),'1404':(0,-inf,10),'2423':(0,-inf,8),'3444':(0.0,-inf,-12.0),'3332':(0,-inf,10),'3323':(0,-inf,10),'3344':(0.0,-inf,10.0),'3322':(2,-inf,12)}
24937472 9070  0 -inf 4 {'1110':(0,-inf,28),'1121':(2,-inf,28),'1102':(2,-inf,29),'1122':(2,-inf,19),'0010':(0,-inf,12),'2021':(0,-inf,12),'2010':(0,-inf,17),'2031':(0,-inf,19),'3031':(0,-inf,12),'4031':(0,-inf,12),'0102':(0,-inf,4),'4131':(0,-inf,12),'4232':(1,-inf,29),'4231':(0,-inf,12)}
33062916 16913  -4 -inf 17 {'0011':(-3,-inf,-9),'1011':(-3,-inf,-9),'2021':(-2,-inf,15),'2011':(-3,-inf,-9),'2031':(-3,-inf,-9),'3031':(-3,-inf,-9),'4031':(-3,-inf,-9),'0111':(-3,-inf,-9),'4142':(-2,-inf,16),'4131':(-3,-inf,-9),'2423':(-3,-inf,0),'2434':(-3,-inf,-6),'2414':(-3,-inf,-6),'2433':(-4,-inf,17),'2413':(-4,-inf,21)}
24937472 16959  0 -inf -4 {'0010':(0.0,-inf,10.0),'1110':(0.0,-inf,10.0),'1112':(0,-inf,12),'1121':(2,-inf,17),'1122':(1,-inf,-3),'2021':(0,-inf,3),'2010':(0,-inf,12),'2031':(0,-inf,-4),'3031':(0,-inf,-4),'4031':(0,-inf,-4),'4131':(0,-inf,-4),'4232':(0,-inf,-4),'4233':(1,-inf,18),'4231':(0,-inf,5)}
16959 20808704  0 -inf 12 {'0212':(0,-inf,26),'0213':(0,-inf,28),'0313':(0,-inf,28),'4333':(0,-inf,12),'0413':(0,-inf,26),'1413':(0,-inf,26),'2423':(2,-inf,28),'2433':(0,-inf,17),'2413':(0,-inf,27),'3433':(0,-inf,12),'4433':(0.0,-inf,12.0)}
20808704 17022  0 -inf -12 {'0010':(0,-inf,10),'1110':(0,-inf,24),'1112':(1,-inf,23),'1121':(0,-inf,10),'1120':(0,-inf,24),'1122':(2,-inf,17),'3132':(0,-inf,-12),'3121':(0,-inf,10),'3122':(2,-inf,12),'3120':(0,-inf,10),'3020':(0,-inf,10),'4232':(0,-inf,-4)}
16290816 831  0 -inf -14 {'2221':(0,-inf,9),'2223':(1,-inf,9),'2232':(0,-inf,9),'2212':(0,-inf,7),'2231':(0,-inf,9),'2233':(0,-inf,19),'2211':(0,-inf,9),'1011':(0,-inf,-14),'1000':(0.0,-inf,-12.0),'2021':(0,-inf,-12),'2011':(0,-inf,-14),'2031':(0,-inf,-14),'3031':(0,-inf,-14),'4031':(0,-inf,-14),'0100':(0,-inf,-12),'0102':(2,-inf,8),'0111':(0,-inf,-14),'4131':(0,-inf,-14),'4232':(0,-inf,-14),'4233':(0,-inf,19),'4231':(0,-inf,-12)}
24937472 17079  -2 -inf -7 {'0010':(0,-inf,10),'1110':(0,-inf,12),'1112':(0,-inf,19),'1121':(1,-inf,27),'1122':(1,-inf,-3),'2021':(0,-inf,5),'2010':(0,-inf,12),'2031':(0,-inf,10),'3031':(0,-inf,10),'4031':(0,-inf,10),'4131':(0,-inf,10),'4232':(0,-inf,17),'4233':(-2,-inf,-7),'4231':(0,-inf,7)}
16919 24936512  2 -inf 15 {'0212':(2,-inf,26),'0213':(2,-inf,28),'0313':(2,-inf,15),'0414':(2,-inf,28),'0413':(2,-inf,15),'2423':(2,-inf,15),'2414':(3.0,-inf,9.0),'2413':(2,-inf,19),'4443':(2,-inf,28)}
24936512 16923  -3 -inf -9 {'0010':(-2,-inf,-12),'1110':(-2.0,-inf,5.0),'1112':(-2,-inf,17),'1121':(-1,-inf,-8),'1122':(-1,-inf,-22),'2021':(-2,-inf,-12),'2010':(-2,-inf,-12),'2031':(-2,-inf,-12),'3031':(-2,-inf,-12),'4031':(-2,-inf,-12),'4142':(-2,-inf,-12),'4131':(-2,-inf,-12),'3332':(-2,-inf,-8),'3343':(-2,-inf,12),'3323':(-2,-inf,-8),'3324':(-3,-inf,-9),'3342':(-2,-inf,6),'3322':(-2,-inf,-8)}
24937472 19246  0 -inf 4 {'1110':(2,-inf,32),'1112':(2,-inf,23),'1121':(4,-inf,44),'1122':(0,-inf,4),'0010':(0,-inf,12),'2021':(1,-inf,12),'2010':(0,-inf,15),'2031':(0,-inf,12),'3031':(0,-inf,12),'4031':(0,-inf,12),'4131':(0,-inf,12),'4233':(0,-inf,19),'4231':(0,-inf,20)}
16547904 17171  -2 -inf -12 {'1112':(0,-inf,13),'1121':(0,-inf,23),'1122':(-2,-inf,-12),'1100':(-1,-inf,15),'1000':(0,-inf,15),'2021':(0,-inf,13),'2031':(0,-inf,24),'3031':(0,-inf,24),'4031':(0,-inf,24),'0100':(0,-inf,15),'4142':(-2,-inf,3),'4131':(0,-inf,24),'3332':(-2,-inf,1),'3343':(-2,-inf,12),'3323':(-1,-inf,12),'3324':(-1,-inf,8),'3342':(-2,-inf,10),'3322':(-2,-inf,-8)}
16548864 17273  0 -inf 10 {'1112':(1,-inf,12),'1121':(2,-inf,28),'1122':(2,-inf,22),'1100':(0,-inf,19),'1000':(0.0,-inf,12.0),'2021':(0,-inf,10),'2031':(0,-inf,10),'3031':(0,-inf,10),'4031':(0,-inf,10),'0100':(0,-inf,12),'4131':(0,-inf,10),'4232':(0,-inf,23),'4231':(0,-inf,20)}
17273 12485632  0.0 -inf 4.0 {'0212':(0.0,-inf,4.0),'1424':(0,-inf,12),'1312':(0,-inf,13),'1323':(0,-inf,12),'1322':(2,-inf,14),'1324':(0.0,-inf,4.0),'3332':(1,-inf,27),'3334':(0,-inf,27),'3323':(0,-inf,12),'3324':(0,-inf,28),'3322':(2,-inf,19),'4434':(0,-inf,12)}
12485632 9081  0 -inf -4 {'1102':(0,-inf,10),'1120':(2,-inf,28),'1122':(3,-inf,28),'1100':(2,-inf,28),'1020':(0,-inf,12),'1000':(0,-inf,12),'2120':(0,-inf,12),'2122':(0,-inf,-4),'2131':(0,-inf,12),'3031':(0,-inf,8),'3020':(0,-inf,12),'4031':(0,-inf,8),'0100':(0,-inf,12),'0102':(0,-inf,4),'4131':(0,-inf,8),'4232':(0,-inf,10),'4231':(0,-inf,12)}
16547904 16950  -2 -inf -27 {'1112':(0,-inf,0),'1121':(0,-inf,17),'1122':(-2,-inf,-12),'1100':(-1,-inf,20),'1000':(-1,-inf,18),'2021':(-1,-inf,5),'2031':(-1,-inf,-4),'3031':(-1,-inf,-4),'4031':(-1,-inf,-4),'0100':(-1,-inf,18),'4142':(-2,-inf,-27),'4131':(-1,-inf,-4),'3332':(-2,-inf,-4),'3323':(-2,-inf,-4),'3342':(-2,-inf,10),'3344':(-2,-inf,14),'3322':(-2,-inf,-4)}
16548864 16827  0 -inf 12 {'1112':(1,-inf,9),'1121':(1,-inf,32),'1122':(0,-inf,14),'1100':(0,-inf,14),'1000':(0,-inf,12),'2021':(0,-inf,12),'2031':(0,-inf,12),'3031':(0,-inf,12),'4031':(0,-inf,12),'0100':(0,-inf,12),'4131':(0,-inf,12),'4232':(0,-inf,19),'4233':(0,-inf,13),'4231':(0,-inf,20)}
16827 24937472  0 -inf -8 {'0203':(0,-inf,18),'0212':(0,-inf,-4),'1312':(0,-inf,-8),'1303':(2,-inf,22),'1322':(4,-inf,21),'1324':(2.0,-inf,10.0),'4333':(0,-inf,8),'0403':(0,-inf,10),'1424':(0,-inf,10),'2322':(2,-inf,18),'2324':(0,-inf,10),'2333':(0,-inf,10),'3433':(0,-inf,8),'3424':(0,-inf,10),'4433':(0,-inf,8)}
24937472 16575  -2 -inf -10 {'1110':(0,-inf,12),'1112':(0,-inf,19),'1121':(1,-inf,27),'1122':(1,-inf,4),'0010':(0.0,-inf,12.0),'2021':(0,-inf,5),'2010':(0,-inf,12),'2031':(0,-inf,10),'3031':(0,-inf,10),'4031':(0,-inf,10),'4131':(0,-inf,10),'4232':(0,-inf,17),'4233':(-2,-inf,-10),'4231':(0,-inf,7)}
16548864 17274  0 -inf 10 {'1112':(1,-inf,19),'1121':(2,-inf,28),'1122':(2,-inf,22),'1100':(0,-inf,24),'1000':(0,-inf,12),'2021':(0,-inf,10),'2031':(0,-inf,10),'3031':(0,-inf,10),'4031':(0,-inf,10),'0100':(0,-inf,12),'4131':(0,-inf,10),'4232':(0,-inf,23),'4231':(0,-inf,20)}
17274 12485632  0 -inf 12 {'0212':(0,-inf,15),'4344':(0,-inf,12),'1424':(0,-inf,12),'1312':(0,-inf,13),'1323':(0,-inf,12),'1322':(2.0,-inf,-10.0),'1324':(0,-inf,12),'3444':(0,-inf,12),'3424':(0,-inf,12),'3332':(1,-inf,27),'3323':(0,-inf,12),'3324':(0,-inf,26),'3344':(0,-inf,27),'3322':(2,-inf,19)}
12485632 21114  -2 -inf 10 {'1112':(-2,-inf,10),'1120':(4,-inf,32),'1100':(2,-inf,30),'1020':(4,-inf,29),'1000':(0,-inf,12),'2120':(2,-inf,29),'2131':(1,-inf,12),'3031':(0,-inf,12),'3020':(4,-inf,29),'4031':(0,-inf,12),'0100':(0,-inf,12),'4131':(0,-inf,12),'4232':(4,-inf,29),'4231':(0,-inf,12)}
12485632 21083  -2 -inf 10 {'1112':(-2,-inf,10),'1120':(4,-inf,32),'1100':(2,-inf,28),'1020':(4,-inf,25),'1000':(0,-inf,12),'2120':(2,-inf,25),'2131':(1,-inf,12),'3031':(0,-inf,12),'3020':(4,-inf,25),'4031':(0,-inf,12),'0100':(0,-inf,12),'4131':(0,-inf,12),'4243':(3,-inf,21),'4232':(4,-inf,25),'4231':(0,-inf,12)}
24937472 17394  0 -inf 12 {'1110':(0,-inf,28),'1112':(1,-inf,19),'1121':(2,-inf,28),'1122':(2,-inf,22),'0010':(0,-inf,12),'2021':(0,-inf,12),'2010':(0,-inf,17),'2031':(0,-inf,12),'3031':(0,-inf,12),'4031':(0,-inf,12),'4131':(0,-inf,12),'4232':(0,-inf,23),'4231':(0,-inf,20)}
16548864 9007  0 -inf -10 {'1121':(2,-inf,20),'1102':(2,-inf,25),'1122':(0,-inf,-10),'1100':(0,-inf,19),'1000':(0,-inf,12),'2021':(0,-inf,4),'2031':(0,-inf,10),'3031':(0,-inf,12),'4031':(0,-inf,12),'0100':(0,-inf,23),'0102':(0,-inf,4),'4131':(0,-inf,12),'4232':(0,-inf,23),'4233':(2,-inf,21),'4231':(0,-inf,12)}
9007 16290816  0.0 -inf 12.0 {'1211':(2.0,-inf,8.0),'1202':(0.0,-inf,12.0),'0302':(0,-inf,26),'0304':(0.0,-inf,12.0),'4333':(2,-inf,19),'1323':(4,-inf,32),'1304':(1,-inf,27),'1302':(5,-inf,5),'1404':(0,-inf,26),'2423':(2.0,-inf,12.0),'2433':(2,-inf,19),'3433':(2,-inf,3),'4433':(1,-inf,-4)}
16290816 9131  -2 -inf -12 {'2221':(1,-inf,32),'2232':(0,-inf,17),'2231':(0,-inf,12),'2233':(-2,-inf,-12),'2211':(0,-inf,12),'1011':(0,-inf,-8),'1000':(1,-inf,9),'2021':(0,-inf,3),'2011':(0,-inf,-8),'2031':(0,-inf,-10),'3031':(0,-inf,-10),'4031':(0,-inf,-10),'0100':(1,-inf,32),'0102':(0,-inf,19),'0111':(0,-inf,-8),'4131':(0,-inf,-10),'4232':(0,-inf,-2),'4233':(-2,-inf,-12),'4231':(0,-inf,20)}
12485632 17214  0 -inf -12 {'1112':(4,-inf,28),'1120':(2,-inf,28),'1122':(0,-inf,10),'1100':(2,-inf,25),'1020':(0,-inf,10),'1000':(0,-inf,10),'2120':(0,-inf,10),'2122':(0,-inf,-12),'2131':(0,-inf,10),'3031':(0,-inf,8),'3020':(0,-inf,10),'4031':(0,-inf,8),'0100':(0,-inf,10),'4131':(0,-inf,8),'4232':(0,-inf,-4),'4233':(2,-inf,15),'4231':(0,-inf,2)}
16290816 17022  -1 -inf 9 {'2221':(2,-inf,28),'2223':(1,-inf,12),'2232':(0,-inf,22),'2212':(1,-inf,9),'2213':(-1,-inf,9),'2231':(0,-inf,22),'2211':(0.0,-inf,12.0),'1011':(2,-inf,18),'1000':(2,-inf,20),'2021':(3,-inf,28),'2011':(2,-inf,12),'2031':(2,-inf,17),'3031':(2,-inf,18),'4031':(2,-inf,18),'0100':(2,-inf,28),'0111':(2,-inf,18),'4131':(2,-inf,18),'4232':(0,-inf,-4),'4231':(0,-inf,16)}
16290816 1018  0 -inf -4 {'2221':(0,-inf,12),'2232':(0,-inf,22),'2212':(0,-inf,14),'2231':(0,-inf,12),'2211':(0.0,-inf,12.0),'1011':(2,-inf,10),'1000':(2,-inf,18),'2021':(2,-inf,13),'2011':(2,-inf,10),'2031':(2,-inf,13),'3031':(2,-inf,15),'4031':(2,-inf,15),'0100':(2,-inf,18),'0102':(2,-inf,19),'0111':(2,-inf,10),'4131':(2,-inf,15),'4232':(0,-inf,-4),'4231':(0,-inf,1)}
16290816 16763  -1 -inf 10 {'2221':(2,-inf,28),'2223':(-1,-inf,10),'2232':(0,-inf,22),'2212':(1,-inf,12),'2231':(0,-inf,22),'2211':(0,-inf,12),'1011':(2,-inf,14),'1000':(2,-inf,22),'2021':(3,-inf,28),'2011':(2,-inf,14),'2031':(2,-inf,14),'3031':(2,-inf,14),'4031':(2,-inf,14),'0100':(2,-inf,28),'0111':(2,-inf,14),'4131':(2,-inf,20),'4232':(0,-inf,-6),'4231':(0,-inf,16)}
16548864 17239  0 -inf 12 {'1112':(1,-inf,12),'1121':(2,-inf,28),'1122':(2,-inf,20),'1100':(0,-inf,19),'1000':(0,-inf,12),'2021':(0,-inf,12),'2031':(0,-inf,12),'3031':(0,-inf,12),'4031':(0,-inf,12),'0100':(0,-inf,12),'4131':(0,-inf,12),'4243':(2,-inf,18),'4232':(0,-inf,19),'4231':(0,-inf,12)}
17239 24937472  0 -inf -12 {'0212':(0,-inf,-4),'3332':(0,-inf,14),'3343':(0.0,-inf,-10.0),'3323':(0,-inf,10),'3322':(2,-inf,12),'0414':(0,-inf,10),'1312':(0,-inf,-12),'1314':(0.0,-inf,-10.0),'1323':(0,-inf,10),'1322':(2,-inf,18),'2423':(0,-inf,8),'2414':(0.0,-inf,-12.0),'4443':(0,-inf,10)}
24937472 17243  0 -inf 12 {'1110':(0,-inf,19),'1112':(1,-inf,12),'1121':(2,-inf,28),'1122':(2,-inf,20),'0010':(0,-inf,12),'2021':(0,-inf,12),'2010':(0,-inf,17),'2031':(0,-inf,12),'3031':(0,-inf,12),'4031':(0,-inf,12),'4131':(0,-inf,12),'4243':(2,-inf,18),'4232':(0,-inf,19),'4231':(0,-inf,18)}
24937472 17274  0 -inf 12 {'1110':(0,-inf,24),'1112':(1,-inf,19),'1121':(2,-inf,28),'1122':(2,-inf,22),'0010':(0,-inf,12),'2021':(0,-inf,12),'2010':(0,-inf,17),'2031':(0,-inf,12),'3031':(0,-inf,12),'4031':(0,-inf,12),'4131':(0,-inf,12),'4232':(0,-inf,23),'4231':(0,-inf,20)}
16548864 17199  0 -inf -10 {'1112':(1,-inf,4),'1121':(2,-inf,20),'1122':(0,-inf,-10),'1100':(0,-inf,12),'1000':(0.0,-inf,12.0),'2021':(0,-inf,10),'2031':(0,-inf,10),'3031':(0,-inf,10),'4031':(0,-inf,10),'0100':(0,-inf,10),'4131':(0,-inf,10),'4232':(0,-inf,10),'4233':(2,-inf,15),'4231':(0,-inf,10)}
17199 16290816  0.0 -inf 12.0 {'0212':(0,-inf,26),'0211':(2.0,-inf,8.0),'1312':(5,-inf,5),'1323':(4,-inf,32),'1304':(2.0,-inf,12.0),'4333':(2,-inf,20),'0304':(0.0,-inf,14.0),'1404':(0.0,-inf,12.0),'2423':(2,-inf,28),'2433':(1,-inf,5),'3433':(1,-inf,5),'4433':(2,-inf,21)}
16290816 16703  0 -inf -14 {'2221':(2,-inf,20),'2223':(1,-inf,12),'2232':(0,-inf,11),'2212':(1,-inf,4),'2231':(0,-inf,10),'2233':(0,-inf,23),'2211':(0.0,-inf,12.0),'1011':(0,-inf,-14),'1000':(1,-inf,4),'2021':(0,-inf,10),'2011':(0,-inf,-14),'2031':(0,-inf,-14),'3031':(0,-inf,-14),'4031':(0,-inf,-14),'0100':(2,-inf,20),'0111':(0,-inf,-14),'4131':(0,-inf,-14),'4232':(0,-inf,-14),'4233':(0,-inf,23),'4231':(0,-inf,-12)}
16548864 17259  0 -inf 10 {'1112':(1,-inf,12),'1121':(2,-inf,28),'1122':(2,-inf,22),'1100':(0,-inf,19),'1000':(0,-inf,12),'2021':(0,-inf,10),'2031':(0,-inf,10),'3031':(0,-inf,10),'4031':(0,-inf,10),'0100':(0,-inf,12),'4131':(0,-inf,10),'4232':(0,-inf,23),'4231':(0,-inf,20)}
17259 12485632  0.0 -inf -10.0 {'0212':(0,-inf,15),'0304':(0,-inf,12),'1312':(0,-inf,13),'1323':(0,-inf,12),'1304':(0.0,-inf,6.0),'1322':(2,-inf,14),'1324':(0,-inf,12),'1424':(0.0,-inf,-10.0),'1404':(0,-inf,12),'3332':(1,-inf,27),'3323':(0,-inf,12),'3324':(0,-inf,26),'3322':(2,-inf,19),'3424':(0,-inf,12)}
12485632 17255  0 -inf 10 {'1112':(4,-inf,28),'1120':(2,-inf,28),'1122':(3,-inf,28),'1100':(2,-inf,28),'1020':(0,-inf,12),'1000':(0,-inf,12),'2120':(0,-inf,12),'2122':(2,-inf,14),'2131':(0,-inf,12),'3031':(0,-inf,10),'3020':(0,-inf,12),'4031':(0,-inf,10),'0100':(0,-inf,12),'4131':(0,-inf,10),'4232':(0,-inf,10),'4231':(0,-inf,12)}
12485632 9067  0 -inf -4 {'1102':(0,-inf,10),'1120':(2,-inf,28),'1122':(3,-inf,28),'1100':(2,-inf,28),'1020':(0,-inf,12),'1000':(0,-inf,12),'2120':(0,-inf,12),'2122':(0,-inf,-4),'2131':(0,-inf,12),'3031':(0,-inf,8),'3020':(0,-inf,12),'4031':(0,-inf,8),'0100':(0,-inf,12),'0102':(0,-inf,4),'4131':(0,-inf,8),'4232':(0,-inf,10),'4231':(0,-inf,12)}
33062916 8961  -3 -inf -11 {'0011':(-3,-inf,-11),'1011':(-3,-inf,-11),'2021':(-2,-inf,18),'2011':(-3,-inf,-11),'2031':(-3,-inf,-11),'3031':(-3,-inf,-11),'4031':(-3,-inf,-11),'0102':(-3,-inf,15),'0111':(-3,-inf,-11),'4142':(-2,-inf,19),'4131':(-3,-inf,-11),'2423':(-3,-inf,18),'2434':(-3,-inf,11),'2414':(-3,-inf,-8),'2433':(-3,-inf,24)}
16548864 17145  0 -inf 12 {'1112':(1,-inf,12),'1121':(2,-inf,28),'1122':(2,-inf,22),'1100':(0,-inf,14),'1000':(0,-inf,12),'2021':(0,-inf,12),'2031':(0,-inf,12),'3031':(0,-inf,12),'4031':(0,-inf,12),'0100':(0,-inf,12),'4131':(0,-inf,12),'4232':(0,-inf,23),'4231':(0,-inf,20)}
17145 24937472  0.0 -inf -10.0 {'0212':(0,-inf,-4),'0213':(0,-inf,16),'0313':(0,-inf,8),'0413':(0,-inf,8),'1413':(0,-inf,8),'1424':(0,-inf,10),'2322':(2,-inf,12),'2324':(0.0,-inf,-10.0),'2313':(0,-inf,10),'3332':(0,-inf,21),'3334':(2,-inf,22),'3324':(2.0,-inf,7.0),'3322':(4,-inf,23),'4434':(0,-inf,10)}
24937472 17085  -2 -inf -7 {'1110':(0,-inf,12),'1112':(0,-inf,19),'1121':(1,-inf,19),'1122':(1,-inf,-3),'0010':(0.0,-inf,12.0),'2021':(0,-inf,5),'2010':(0,-inf,12),'2031':(0,-inf,10),'3031':(0,-inf,10),'4031':(0,-inf,10),'4131':(0,-inf,10),'4232':(0,-inf,17),'4233':(-2,-inf,-7),'4231':(0,-inf,7)}
33062976 8731  -3 -inf -4 {'0011':(0,-inf,15),'1011':(0,-inf,15),'2021':(-1,-inf,15),'2011':(0,-inf,15),'2031':(-1,-inf,11),'3031':(-1,-inf,21),'4031':(-1,-inf,21),'0102':(-1,-inf,-12),'0111':(0,-inf,17),'4142':(-2,-inf,5),'4131':(-1,-inf,21),'3332':(-2,-inf,14),'3343':(-2,-inf,17),'3323':(-1,-inf,13),'3324':(-3,-inf,-4),'3342':(-2,-inf,12),'3322':(-1,-inf,-6)}
8721 33062916  3.0 -inf 11.0 {'1211':(5,-inf,23),'1213':(3,-inf,25),'1222':(6,-inf,28),'1202':(4.0,-inf,-17.0),'0302':(4,-inf,17),'0313':(3,-inf,23),'0414':(6,-inf,23),'0413':(3.0,-inf,11.0),'4443':(4,-inf,20),'4434':(4,-inf,20),'4433':(5.0,-inf,-1.0)}
33062916 8784  -5 -inf 1 {'0011':(-5,-inf,1),'1011':(-5,-inf,1),'2021':(-2,-inf,15),'2011':(-5,-inf,1),'2031':(-4,-inf,19),'3031':(-4,-inf,19),'4031':(-4,-inf,19),'0102':(-2,-inf,19),'0111':(-5,-inf,1),'4142':(-5,-inf,8),'4131':(-4,-inf,21),'2423':(-3,-inf,18),'2434':(-3,-inf,-21),'2414':(-3,-inf,11),'2413':(-3,-inf,20)}
17207 16290816  0.0 -inf 12.0 {'0212':(0,-inf,26),'0211':(2,-inf,20),'4333':(1.0,-inf,-12.0),'1312':(1,-inf,12),'1314':(2.0,-inf,12.0),'1323':(4,-inf,47),'0414':(0.0,-inf,12.0),'2423':(2,-inf,27),'2414':(0.0,-inf,12.0),'2433':(1,-inf,5),'3433':(1,-inf,19),'4433':(1,-inf,5)}
16290816 17239  -1 -inf 12 {'2221':(2,-inf,28),'2223':(-1,-inf,12),'2232':(0,-inf,26),'2212':(1,-inf,12),'2231':(0,-inf,26),'2211':(0,-inf,12),'1011':(2,-inf,14),'1000':(2,-inf,20),'2021':(3,-inf,28),'2011':(2,-inf,14),'2031':(2,-inf,14),'3031':(2,-inf,14),'4031':(2,-inf,14),'0100':(2,-inf,28),'0111':(2,-inf,14),'4131':(2,-inf,16),'4243':(2,-inf,9),'4232':(0,-inf,-10),'4231':(0,-inf,-2)}
24937472 17270  0 -inf 12 {'0010':(0,-inf,12),'1110':(0,-inf,24),'1112':(1,-inf,19),'1121':(2,-inf,28),'1122':(2,-inf,22),'2021':(0,-inf,12),'2010':(0,-inf,17),'2031':(0,-inf,12),'3031':(0,-inf,12),'4031':(0,-inf,12),'4131':(0,-inf,12),'4232':(0,-inf,23),'4231':(0,-inf,20)}
17270 16548864  0.0 -inf -12.0 {'0212':(0,-inf,-4),'4344':(0.0,-inf,-12.0),'0414':(0.0,-inf,-12.0),'1312':(0,-inf,-12),'1314':(0,-inf,10),'1323':(0,-inf,10),'1322':(2.0,-inf,8.0),'2423':(0,-inf,8),'2414':(0.0,-inf,-10.0),'3444':(0.0,-inf,-12.0),'3332':(1,-inf,22),'3323':(0,-inf,10),'3344':(0.0,-inf,10.0),'3322':(2.0,-inf,8.0)}
16040960 4733  -1 -inf 10 {'1112':(4,-inf,23),'1121':(4,-inf,22),'1101':(2,-inf,25),'1100':(2,-inf,22),'1000':(1,-inf,-12),'2021':(0,-inf,2),'2031':(1,-inf,6),'3031':(1,-inf,1),'4031':(2,-inf,9),'0201':(1,-inf,-2),'0212':(1,-inf,10),'0213':(-1,-inf,10),'4131':(2,-inf,9),'4232':(1,-inf,19),'4231':(1,-inf,13)}
16290816 9015  0 -inf -12 {'2221':(2,-inf,20),'2223':(1,-inf,14),'2232':(0,-inf,15),'2231':(0,-inf,12),'2233':(0,-inf,23),'2211':(0,-inf,22),'1011':(0,-inf,-12),'1000':(1,-inf,4),'2021':(0,-inf,-1),'2011':(0,-inf,-12),'2031':(0,-inf,-12),'3031':(0,-inf,-12),'4031':(0,-inf,-12),'0100':(2,-inf,20),'0102':(1,-inf,8),'0111':(0,-inf,-12),'4131':(0,-inf,-12),'4232':(0,-inf,-12),'4233':(0,-inf,21),'4231':(0,-inf,5)}
16294912 825  -2 -inf -8 {'1211':(-2,-inf,9),'1222':(-2,-inf,-8),'1202':(-2,-inf,9),'1011':(-2,-inf,7),'1000':(-2,-inf,12),'2021':(-2,-inf,7),'2011':(-2,-inf,7),'2031':(-2,-inf,11),'3031':(-2,-inf,10),'4031':(-2,-inf,10),'0100':(-2,-inf,12),'0102':(-2,-inf,7),'0111':(-2,-inf,7),'4131':(-2,-inf,10),'4232':(0,-inf,19),'4233':(-2,-inf,-5),'4231':(-2,-inf,-4)}
16548864 16575  -2.0 -inf -10.0 {'1112':(1,-inf,4),'1121':(1,-inf,15),'1122':(0,-inf,-2),'1100':(0,-inf,12),'1000':(0,-inf,10),'2021':(0,-inf,5),'2031':(0,-inf,10),'3031':(0,-inf,10),'4031':(0,-inf,10),'0100':(0,-inf,10),'4131':(0,-inf,10),'4232':(0,-inf,-2),'4233':(-2.0,-inf,-10.0),'4231':(0,-inf,-2)}
16415 16547904  2.0 -inf 10.0 {'0203':(2,-inf,36),'0212':(2,-inf,28),'0213':(2,-inf,28),'0403':(2.0,-inf,10.0),'0413':(2.0,-inf,10.0),'1413':(2.0,-inf,10.0),'2423':(4,-inf,19),'2413':(3.0,-inf,8.0),'4443':(2,-inf,28)}
16547904 16663  -2 -inf -10 {'1112':(0,-inf,13),'1121':(0,-inf,23),'1122':(-2,-inf,-10),'1100':(-1,-inf,15),'1000':(0,-inf,15),'2021':(0,-inf,13),'2031':(0,-inf,24),'3031':(0,-inf,24),'4031':(0,-inf,24),'0100':(0,-inf,15),'4142':(-2,-inf,3),'4131':(0,-inf,24),'3332':(-2,-inf,1),'3343':(-2,-inf,12),'3323':(-1,-inf,12),'3342':(-2,-inf,10),'3322':(-2,-inf,-6)}
24937472 25175  0 -inf 12 {'1110':(0,-inf,28),'1121':(2,-inf,28),'1122':(3,-inf,17),'0010':(0,-inf,23),'2021':(0,-inf,12),'2010':(0,-inf,23),'2031':(0,-inf,21),'3031':(0,-inf,12),'4031':(0,-inf,12),'4131':(0,-inf,12),'4243':(2,-inf,20),'4232':(0,-inf,23),'4231':(0,-inf,20)}
16548864 17323  0.0 -inf 12.0 {'1112':(1,-inf,9),'1121':(1,-inf,32),'1122':(0,-inf,14),'1100':(0,-inf,14),'1000':(0.0,-inf,12.0),'2021':(0,-inf,12),'2031':(0,-inf,12),'3031':(0,-inf,12),'4031':(0,-inf,12),'0100':(0,-inf,12),'4131':(0,-inf,12),'4232':(0,-inf,23),'4233':(0,-inf,13),'4231':(0,-inf,18)}
17323 24937472  0.0 -inf -12.0 {'0212':(0,-inf,-4),'0304':(0,-inf,10),'4333':(0.0,-inf,-12.0),'1312':(0.0,-inf,-12.0),'1304':(2,-inf,22),'1322':(4,-inf,21),'1324':(2,-inf,19),'1424':(0,-inf,10),'1404':(0,-inf,10),'2322':(2,-inf,12),'2324':(0.0,-inf,10.0),'2333':(0,-inf,10),'3433':(0,-inf,8),'3424':(0,-inf,10),'4433':(0,-inf,8)}
24937472 25259  0 -inf 12 {'1110':(0,-inf,19),'1121':(1,-inf,33),'1122':(1,-inf,28),'0010':(0,-inf,27),'2021':(0,-inf,12),'2010':(0,-inf,27),'2031':(0,-inf,21),'3031':(0,-inf,12),'4031':(0,-inf,12),'4131':(0,-inf,12),'4232':(0,-inf,27),'4233':(0,-inf,15),'4231':(0,-inf,20)}
16548864 24639  0 -inf -10 {'1121':(2,-inf,20),'1122':(0,-inf,-10),'1100':(0,-inf,21),'1000':(0,-inf,12),'2021':(0,-inf,-2),'2031':(0,-inf,-2),'3031':(0,-inf,-2),'4031':(0,-inf,-2),'0100':(0,-inf,12),'4131':(0,-inf,-2),'4232':(0,-inf,20),'4233':(2,-inf,15),'4231':(0,-inf,20)}
24639 16290816  0.0 -inf 12.0 {'0203':(1,-inf,27),'0211':(2,-inf,27),'0213':(0.0,-inf,12.0),'1211':(1,-inf,12),'1213':(0.0,-inf,14.0),'4333':(4,-inf,47),'0403':(5,-inf,5),'0413':(0,-inf,26),'1413':(0,-inf,26),'2423':(2,-inf,26),'2433':(1,-inf,9),'2413':(0,-inf,26),'3433':(4,-inf,32),'4433':(3,-inf,-4)}
24937472 16703  0 -inf 10 {'1110':(0,-inf,12),'1112':(0,-inf,19),'1121':(2,-inf,18),'1122':(1,-inf,4),'0010':(0.0,-inf,12.0),'2021':(0,-inf,10),'2010':(0,-inf,12),'2031':(0,-inf,10),'3031':(0,-inf,10),'4031':(0,-inf,10),'4131':(0,-inf,10),'4232':(0,-inf,18),'4233':(2,-inf,19),'4231':(0,-inf,18)}
16548864 16765  0 -inf 12 {'1112':(1,-inf,12),'1121':(2,-inf,28),'1122':(2,-inf,22),'1100':(0,-inf,19),'1000':(0,-inf,12),'2021':(0,-inf,12),'2031':(0,-inf,12),'3031':(0,-inf,12),'4031':(0,-inf,12),'0100':(0,-inf,12),'4131':(0,-inf,12),'4232':(0,-inf,20),'4231':(0,-inf,19)}
16765 24937472  0 -inf -12 {'0203':(0,-inf,18),'0212':(0,-inf,-4),'1312':(0,-inf,-12),'1323':(0,-inf,10),'1303':(0.0,-inf,-10.0),'1322':(2,-inf,18),'0403':(0.0,-inf,-12.0),'2423':(0,-inf,8),'2434':(0,-inf,10),'3332':(0,-inf,16),'3334':(0.0,-inf,4.0),'3323':(0,-inf,10),'3322':(2,-inf,18),'4434':(0,-inf,10)}
16548864 17213  0 -inf -10 {'1112':(1,-inf,4),'1121':(2,-inf,20),'1122':(0,-inf,-10),'1100':(0,-inf,12),'1000':(0,-inf,10),'2021':(0.0,-inf,10.0),'2031':(0,-inf,10),'3031':(0,-inf,10),'4031':(0,-inf,10),'0100':(0,-inf,10),'4131':(0,-inf,10),'4232':(0,-inf,10),'4233':(2,-inf,15),'4231':(0,-inf,10)}
17213 16290816  0.0 -inf 12.0 {'0212':(0,-inf,26),'0211':(2.0,-inf,12.0),'4333':(1,-inf,5),'1312':(4,-inf,47),'1323':(4,-inf,44),'2423':(2,-inf,27),'2434':(0.0,-inf,12.0),'2433':(1.0,-inf,-12.0),'4434':(1,-inf,12),'4433':(1,-inf,5)}
16290816 17273  -1 -inf 12 {'2221':(2,-inf,28),'2223':(-1,-inf,12),'2232':(0,-inf,26),'2212':(1,-inf,12),'2231':(0,-inf,26),'2211':(0,-inf,12),'1011':(2,-inf,14),'1000':(2,-inf,22),'2021':(3,-inf,28),'2011':(2,-inf,14),'2031':(2,-inf,14),'3031':(2,-inf,14),'4031':(2,-inf,14),'0100':(2,-inf,28),'0111':(2,-inf,14),'4131':(2,-inf,20),'4232':(0,-inf,-6),'4231':(0,-inf,16)}
16290816 8767  -1 -inf -14 {'2221':(2,-inf,20),'2223':(0,-inf,15),'2232':(0,-inf,7),'2213':(-1,-inf,5),'2231':(0,-inf,9),'2233':(0,-inf,19),'2211':(0.0,-inf,4.0),'1011':(0,-inf,-12),'1000':(1,-inf,-3),'2021':(1,-inf,-8),'2011':(0,-inf,-12),'2031':(0,-inf,-12),'3031':(0,-inf,-12),'4031':(0,-inf,-12),'0100':(2,-inf,20),'0102':(-1,-inf,-14),'0111':(0,-inf,-12),'4131':(0,-inf,-12),'4232':(0,-inf,-12),'4233':(0,-inf,19),'4231':(0,-inf,-10)}
12485632 17211  0 -inf -12 {'1112':(4,-inf,23),'1120':(2,-inf,20),'1122':(0,-inf,9),'1100':(2,-inf,24),'1020':(0.0,-inf,10.0),'1000':(0.0,-inf,10.0),'2120':(0.0,-inf,10.0),'2122':(0,-inf,-12),'2131':(0,-inf,10),'3031':(0,-inf,8),'3020':(0,-inf,10),'4031':(0,-inf,8),'0100':(0,-inf,10),'4131':(0,-inf,8),'4232':(0,-inf,-6),'4233':(2,-inf,15),'4231':(0,-inf,16)}
24937472 17211  0.0 -inf 10.0 {'0010':(0.0,-inf,10.0),'1110':(0.0,-inf,12.0),'1112':(0,-inf,12),'1121':(2,-inf,20),'1122':(1,-inf,4),'2021':(0,-inf,10),'2010':(0,-inf,12),'2031':(0,-inf,10),'3031':(0,-inf,10),'4031':(0,-inf,10),'4131':(0,-inf,10),'4232':(0,-inf,18),'4233':(2,-inf,19),'4231':(0,-inf,18)}
12485632 10814  -2 -inf -10 {'1102':(1,-inf,6),'1120':(4,-inf,25),'1122':(-2,-inf,-8),'1100':(2,-inf,15),'1020':(3,-inf,-6),'1000':(1,-inf,5),'2120':(1,-inf,-8),'2122':(-2,-inf,-10),'2131':(0,-inf,14),'3031':(0,-inf,4),'3020':(3,-inf,-6),'4031':(0,-inf,4),'0100':(1,-inf,8),'0102':(0,-inf,-8),'4131':(0,-inf,4),'4233':(0,-inf,19),'4231':(0,-inf,10)}
16040960 877  -1 -inf 2 {'1112':(-1,-inf,7),'1121':(-1,-inf,2),'1101':(-1,-inf,9),'1122':(1,-inf,17),'1100':(-1,-inf,9),'1000':(-1,-inf,2),'2021':(-1,-inf,2),'2031':(-1,-inf,2),'3031':(-1,-inf,2),'4031':(-1,-inf,2),'0201':(-1,-inf,10),'0212':(0,-inf,10),'4131':(-1,-inf,2),'4232':(0,-inf,10),'4231':(-1,-inf,10)}
16548864 17115  0 -inf 12 {'1112':(1,-inf,12),'1121':(2,-inf,28),'1122':(2,-inf,20),'1100':(0,-inf,14),'1000':(0,-inf,12),'2021':(0,-inf,12),'2031':(0,-inf,12),'3031':(0,-inf,12),'4031':(0,-inf,12),'0100':(0,-inf,12),'4131':(0,-inf,12),'4243':(2,-inf,16),'4232':(0,-inf,19),'4231':(0,-inf,12)}
17115 24937472  0.0 -inf -12.0 {'0212':(0,-inf,-4),'0213':(0,-inf,16),'0313':(0,-inf,8),'3332':(0,-inf,19),'3343':(2,-inf,22),'3324':(0,-inf,10),'3322':(2,-inf,15),'0413':(0.0,-inf,-12.0),'1413':(0,-inf,8),'1424':(0.0,-inf,-12.0),'2322':(2,-inf,12),'2324':(0.0,-inf,-10.0),'2313':(0.0,-inf,-12.0),'3424':(0,-inf,10),'4443':(0,-inf,10)}
24937472 17111  0 -inf 12 {'1110':(0,-inf,14),'1112':(1,-inf,12),'1121':(2,-inf,28),'1122':(2,-inf,20),'0010':(0,-inf,12),'2021':(0,-inf,12),'2010':(0,-inf,14),'2031':(0,-inf,12),'3031':(0,-inf,12),'4031':(0,-inf,12),'4131':(0,-inf,12),'4243':(2,-inf,18),'4232':(0,-inf,19),'4231':(0,-inf,12)}
24937472 17331  0 -inf 12 {'0010':(0,-inf,12),'1110':(0,-inf,14),'1112':(0,-inf,19),'1121':(1,-inf,29),'1122':(1,-inf,9),'2021':(0,-inf,12),'2010':(0,-inf,17),'2031':(0,-inf,12),'3031':(0,-inf,12),'4031':(0,-inf,12),'4131':(0,-inf,12),'4232':(0,-inf,23),'4233':(0,-inf,15),'4231':(0,-inf,20)}
17331 16548864  0.0 -inf -12.0 {'0212':(0,-inf,8),'4333':(0.0,-inf,-12.0),'0414':(0.0,-inf,-12.0),'1312':(0,-inf,17),'1314':(2.0,-inf,12.0),'1322':(4,-inf,28),'1324':(2.0,-inf,26.0),'2322':(2.0,-inf,8.0),'2324':(0.0,-inf,10.0),'2333':(0.0,-inf,-10.0),'3433':(0.0,-inf,-12.0),'3424':(0,-inf,10),'4433':(0,-inf,8)}
16548864 17363  0.0 -inf 12.0 {'1000':(0.0,-inf,12.0),'1112':(1,-inf,19),'1121':(2,-inf,28),'1122':(2,-inf,20),'1100':(0,-inf,28),'2021':(0,-inf,12),'2031':(0,-inf,12),'3031':(0,-inf,12),'4031':(0,-inf,12),'0100':(0,-inf,12),'4131':(0,-inf,12),'4243':(2,-inf,20),'4232':(0,-inf,23),'4231':(0,-inf,18)}
16290816 16735  -2 -inf -10 {'2221':(2,-inf,28),'2223':(-2,-inf,-10),'2232':(0,-inf,22),'2212':(1,-inf,12),'2231':(0,-inf,22),'2211':(0,-inf,12),'1011':(2,-inf,14),'1000':(2,-inf,20),'2021':(3,-inf,28),'2011':(2,-inf,14),'2031':(2,-inf,14),'3031':(2,-inf,14),'4031':(2,-inf,14),'0100':(2,-inf,28),'0111':(2,-inf,14),'4131':(2,-inf,16),'4243':(2,-inf,9),'4232':(0,-inf,-12),'4231':(0,-inf,-2)}
16548864 17015  0 -inf 10 {'1112':(1,-inf,4),'1121':(2,-inf,19),'1122':(2,-inf,20),'1100':(0,-inf,12),'1000':(0.0,-inf,12.0),'2021':(0,-inf,10),'2031':(0,-inf,10),'3031':(0,-inf,10),'4031':(0,-inf,10),'0100':(0,-inf,10),'4131':(0,-inf,10),'4232':(0,-inf,18),'4231':(0,-inf,18)}
17015 12485632  0.0 -inf -10.0 {'0212':(0,-inf,23),'0213':(0,-inf,20),'0313':(0,-inf,12),'0414':(0,-inf,12),'0413':(0.0,-inf,-10.0),'2423':(0,-inf,12),'2414':(0.0,-inf,6.0),'2413':(0,-inf,12),'3332':(1,-inf,12),'3323':(2,-inf,28),'3322':(2.0,-inf,1.0)}
12485632 21047  -2 -inf -1 {'1112':(-2,-inf,-1),'1120':(4,-inf,32),'1100':(2,-inf,21),'1020':(3,-inf,-4),'1000':(1,-inf,-4),'2120':(1,-inf,-4),'2131':(1,-inf,5),'3031':(0,-inf,4),'3020':(3,-inf,-4),'4031':(0,-inf,4),'0100':(1,-inf,-4),'4131':(0,-inf,4),'4232':(3,-inf,-4),'4233':(-1,-inf,5),'4231':(0,-inf,10)}
16290816 262719  -1 -inf -14 {'2221':(-1,-inf,3),'2223':(1,-inf,-10),'2232':(0,-inf,19),'2212':(-1,-inf,2),'2213':(1,-inf,21),'2231':(0,-inf,23),'2233':(1,-inf,-10),'1000':(-1,-inf,-8),'2021':(-1,-inf,-8),'2031':(2,-inf,-5),'3031':(1,-inf,-8),'4031':(1,-inf,-8),'0100':(-1,-inf,-8),'0102':(-1,-inf,-14),'4131':(1,-inf,-8),'4232':(1,-inf,3),'4233':(3,-inf,15),'4231':(1,-inf,-9)}
24937472 17103  0 -inf 12 {'1110':(0,-inf,14),'1112':(1,-inf,12),'1121':(2,-inf,28),'1122':(2,-inf,20),'0010':(0,-inf,12),'2021':(0,-inf,12),'2010':(0,-inf,14),'2031':(0,-inf,12),'3031':(0,-inf,12),'4031':(0,-inf,12),'4131':(0,-inf,12),'4243':(2,-inf,18),'4232':(0,-inf,19),'4231':(0,-inf,12)}
16290816 16766  -2 -inf -12 {'2221':(2,-inf,28),'2223':(-2,-inf,-12),'2232':(0,-inf,22),'2212':(1,-inf,19),'2231':(0,-inf,23),'2211':(0,-inf,12),'1011':(2,-inf,14),'1000':(2,-inf,22),'2021':(3,-inf,28),'2011':(2,-inf,14),'2031':(2,-inf,19),'3031':(2,-inf,20),'4031':(2,-inf,20),'0100':(2,-inf,28),'0111':(2,-inf,14),'4131':(2,-inf,20),'4232':(0,-inf,-12),'4231':(0,-inf,-1)}
16290816 270907  -2 -inf -14 {'2221':(1,-inf,20),'2223':(1,-inf,0),'2232':(0,-inf,19),'2213':(-2,-inf,-10),'2231':(0,-inf,23),'2233':(1,-inf,-12),'1000':(0,-inf,-3),'2021':(0,-inf,-8),'2031':(0,-inf,4),'3031':(1,-inf,-1),'4031':(1,-inf,-1),'0100':(1,-inf,20),'0102':(-2,-inf,-14),'4131':(1,-inf,-1),'4232':(2,-inf,16),'4233':(2,-inf,14),'4231':(1,-inf,13)}
16548864 16763  0 -inf 10 {'1112':(1,-inf,12),'1121':(2,-inf,28),'1122':(2,-inf,22),'1100':(0,-inf,19),'1000':(0,-inf,12),'2021':(0,-inf,10),'2031':(0,-inf,10),'3031':(0,-inf,10),'4031':(0,-inf,10),'0100':(0,-inf,12),'4131':(0,-inf,10),'4232':(0,-inf,20),'4231':(0,-inf,20)}
16763 12485632  0.0 -inf 6.0 {'0203':(0,-inf,20),'0212':(0,-inf,15),'1312':(0,-inf,13),'1323':(0,-inf,12),'1303':(0.0,-inf,6.0),'1322':(2,-inf,22),'1324':(0,-inf,12),'0403':(0,-inf,12),'1424':(0,-inf,12),'3332':(1,-inf,27),'3323':(0,-inf,12),'3324':(0,-inf,28),'3322':(2,-inf,19),'3424':(0,-inf,12)}
16290816 24699  -1 -inf 12 {'2221':(2,-inf,28),'2223':(1,-inf,19),'2232':(0,-inf,26),'2213':(-1,-inf,12),'2231':(0,-inf,22),'2211':(0,-inf,27),'1011':(0,-inf,-2),'1000':(3,-inf,17),'2021':(3,-inf,28),'2011':(0,-inf,-2),'2031':(0,-inf,-2),'3031':(0,-inf,-2),'4031':(0,-inf,-4),'0100':(2,-inf,28),'0111':(0,-inf,-2),'4131':(0,-inf,-2),'4232':(0,-inf,9),'4231':(0,-inf,20)}
16548864 831  0.0 -inf -14.0 {'1112':(0,-inf,7),'1121':(0,-inf,9),'1102':(0,-inf,9),'1122':(0.0,-inf,-14.0),'1100':(0.0,-inf,10.0),'1000':(0.0,-inf,10.0),'2021':(0,-inf,2),'2031':(0,-inf,9),'3031':(0,-inf,2),'4031':(0,-inf,2),'0100':(0,-inf,10),'0102':(0,-inf,2),'4131':(0,-inf,2),'4232':(0,-inf,-4),'4233':(2,-inf,19),'4231':(0,-inf,6)}
831 16290816  0.0 -inf 14.0 {'0302':(0.0,-inf,14.0),'1312':(1.0,-inf,14.0),'1323':(2,-inf,28),'1302':(2.0,-inf,12.0),'4333':(1,-inf,16),'2423':(2,-inf,28),'2433':(2,-inf,21),'3433':(1,-inf,16),'4433':(1,-inf,16)}
24937472 25143  0 -inf 12 {'0010':(0,-inf,12),'1110':(0,-inf,21),'1121':(2,-inf,22),'1122':(3,-inf,-9),'2021':(0,-inf,12),'2010':(0,-inf,17),'2031':(0,-inf,12),'3031':(0,-inf,12),'4031':(0,-inf,12),'4131':(0,-inf,12),'4232':(0,-inf,20),'4233':(2,-inf,19),'4231':(0,-inf,20)}
25143 16548864  0 -inf -12 {'0213':(1,-inf,8),'0313':(0.0,-inf,12.0),'4333':(0,-inf,-12),'0414':(0,-inf,15),'0413':(0,-inf,22),'1213':(0.0,-inf,10.0),'1222':(2,-inf,20),'2423':(0,-inf,17),'2414':(0.0,-inf,10.0),'2433':(0,-inf,-12),'2413':(0,-inf,22),'3433':(0.0,-inf,-12.0),'4433':(0,-inf,-12)}
16548864 25205  0 -inf 12 {'1000':(0,-inf,27),'1121':(2,-inf,28),'1122':(2,-inf,22),'1100':(0,-inf,28),'2021':(0,-inf,12),'2031':(0,-inf,21),'3031':(0,-inf,12),'4031':(0,-inf,12),'0100':(0,-inf,27),'4131':(0,-inf,12),'4232':(0,-inf,27),'4231':(0,-inf,20)}
12485632 8574  0 -inf -10 {'1102':(0,-inf,4),'1120':(2,-inf,28),'1122':(3,-inf,28),'1100':(2,-inf,25),'1020':(0,-inf,12),'1000':(0,-inf,12),'2120':(0,-inf,12),'2122':(0,-inf,-10),'2131':(0,-inf,12),'3031':(0,-inf,8),'3020':(0,-inf,12),'4031':(0,-inf,8),'0100':(0,-inf,12),'0102':(0,-inf,4),'4131':(0,-inf,8),'4232':(0,-inf,10),'4231':(0,-inf,12)}
16290816 9070  -1 -inf 9 {'2221':(2,-inf,28),'2223':(-1,-inf,9),'2232':(0,-inf,26),'2231':(0,-inf,26),'2211':(0,-inf,12),'1011':(0,-inf,-6),'1000':(2,-inf,19),'2021':(3,-inf,28),'2011':(0,-inf,-6),'2031':(0,-inf,-6),'3031':(0,-inf,-6),'4031':(0,-inf,-6),'0100':(2,-inf,28),'0102':(1,-inf,17),'0111':(0,-inf,-6),'4131':(0,-inf,-4),'4232':(0,-inf,-2),'4231':(0,-inf,14)}
24937472 19254  0 -inf 4 {'1110':(2,-inf,32),'1112':(2,-inf,23),'1121':(4,-inf,44),'1122':(0,-inf,4),'0010':(0,-inf,12),'2021':(1,-inf,12),'2010':(0,-inf,15),'2031':(0,-inf,12),'3031':(0,-inf,12),'4031':(0,-inf,12),'4131':(0,-inf,12),'4233':(0,-inf,19),'4231':(0,-inf,20)}
16548864 863  0.0 -inf 2.0 {'1112':(0,-inf,12),'1121':(0,-inf,10),'1102':(0,-inf,9),'1122':(2,-inf,15),'1100':(0,-inf,12),'1000':(0.0,-inf,10.0),'2021':(0,-inf,10),'2031':(0,-inf,10),'3031':(0,-inf,10),'4031':(0,-inf,10),'0100':(0,-inf,10),'0102':(0.0,-inf,2.0),'4131':(0,-inf,10),'4243':(2,-inf,7),'4232':(1,-inf,14),'4231':(0,-inf,10)}
863 16040960  0.0 -inf -2.0 {'1312':(1,-inf,10),'1323':(2,-inf,28),'1322':(1,-inf,10),'3332':(1,-inf,6),'3343':(0.0,-inf,12.0),'3323':(0,-inf,20),'3322':(1,-inf,6),'2423':(0.0,-inf,-2.0),'4443':(0,-inf,20)}
16040960 987  0 -inf 2 {'1112':(0,-inf,7),'1121':(0,-inf,2),'1101':(0,-inf,9),'1122':(2,-inf,19),'1100':(0,-inf,9),'1000':(0,-inf,4),'2021':(0,-inf,4),'2031':(0,-inf,4),'3031':(0,-inf,4),'4031':(0,-inf,4),'0201':(0.0,-inf,12.0),'0212':(1,-inf,10),'4131':(0,-inf,4),'4243':(2,-inf,10),'4232':(1,-inf,15),'4231':(0,-inf,9)}
16290816 25135  -4 -inf 2 {'2221':(2,-inf,20),'2223':(0,-inf,19),'2232':(0,-inf,22),'2213':(-4,-inf,2),'2231':(0,-inf,23),'2233':(1,-inf,-10),'2211':(0,-inf,12),'1011':(0,-inf,-12),'1000':(3,-inf,-9),'2021':(2,-inf,7),'2011':(0,-inf,-12),'2031':(0,-inf,-12),'3031':(0,-inf,-12),'4031':(0,-inf,-12),'0100':(2,-inf,20),'0111':(0,-inf,-12),'4131':(0,-inf,-12),'4232':(0,-inf,-4),'4233':(0,-inf,-4),'4231':(0,-inf,12)}
16290816 17085  -4 -inf -3 {'2221':(1,-inf,19),'2232':(0,-inf,15),'2212':(1,-inf,-3),'2213':(-4,-inf,-3),'2231':(0,-inf,10),'2233':(-2,-inf,-7),'2211':(0.0,-inf,12.0),'1011':(0,-inf,-4),'1000':(1,-inf,-3),'2021':(1,-inf,-17),'2011':(0,-inf,-4),'2031':(0,-inf,-14),'3031':(0,-inf,-14),'4031':(0,-inf,-14),'0100':(1,-inf,19),'0111':(0,-inf,-4),'4131':(0,-inf,-14),'4232':(0,-inf,-14),'4233':(-2,-inf,-27),'4231':(0,-inf,-2)}
33062976 16667  -3 -inf -1 {'0011':(0,-inf,13),'1011':(0,-inf,15),'2021':(-1,-inf,19),'2011':(0,-inf,13),'2031':(-1,-inf,19),'3031':(-1,-inf,24),'4031':(-1,-inf,24),'0111':(0,-inf,15),'4142':(-2,-inf,1),'4131':(-1,-inf,24),'3332':(-2,-inf,17),'3343':(-2,-inf,17),'3323':(-1,-inf,17),'3324':(-3,-inf,-1),'3342':(-2,-inf,12),'3322':(-1,-inf,11)}
16657 33062916  3 -inf 21 {'0203':(3,-inf,25),'0212':(3,-inf,23),'0211':(4,-inf,25),'1312':(4,-inf,17),'1314':(4.0,-inf,-17.0),'1323':(4,-inf,19),'1303':(4.0,-inf,-17.0),'1322':(6,-inf,45),'0403':(4,-inf,13),'0414':(3,-inf,21),'4443':(4,-inf,9),'4434':(4,-inf,17),'4433':(6,-inf,28)}
33062916 16409  -4 -inf 17 {'0011':(-3,-inf,-8),'1011':(-3,-inf,-8),'2021':(-1,-inf,8),'2011':(-3,-inf,-8),'2031':(-3,-inf,-8),'3031':(-3,-inf,-8),'4031':(-3,-inf,-8),'0111':(-3,-inf,-8),'4142':(-2,-inf,16),'4131':(-3,-inf,-4),'2423':(-3,-inf,13),'2434':(-3,-inf,10),'2433':(-4,-inf,17),'2413':(-3,-inf,10)}
16547904 16446  -2 -inf -27 {'1112':(-1,-inf,24),'1121':(0,-inf,16),'1122':(-2,-inf,-12),'1100':(-1,-inf,20),'1000':(-1,-inf,18),'2021':(-1,-inf,5),'2031':(-1,-inf,-4),'3031':(-1,-inf,-4),'4031':(-1,-inf,-4),'0100':(-1,-inf,18),'4142':(-2,-inf,-27),'4131':(-1,-inf,-4),'3332':(-2,-inf,-4),'3323':(-2,-inf,-4),'3342':(-2,-inf,10),'3344':(-2,-inf,14),'3322':(-2,-inf,-4)}
33062916 17154  -4 -inf 16 {'0011':(-3,-inf,-8),'1011':(-3,-inf,-8),'2021':(-2,-inf,24),'2011':(-3,-inf,-8),'2031':(-3,-inf,-8),'3031':(-3,-inf,-8),'4031':(-3,-inf,-8),'0111':(-3,-inf,-8),'4142':(-2,-inf,20),'4131':(-3,-inf,-4),'2423':(-3,-inf,17),'2414':(-3,-inf,-1),'2433':(-4,-inf,16)}
24937472 16765  0 -inf 12 {'1110':(0,-inf,19),'1112':(1,-inf,12),'1121':(2,-inf,25),'1122':(2,-inf,22),'0010':(0,-inf,12),'2021':(0,-inf,12),'2010':(0,-inf,17),'2031':(0,-inf,12),'3031':(0,-inf,12),'4031':(0,-inf,12),'4131':(0,-inf,12),'4232':(0,-inf,20),'4231':(0,-inf,20)}
16548864 21299  -2 -inf 7 {'1000':(2,-inf,21),'1112':(-2,-inf,7),'1121':(4,-inf,32),'1100':(2,-inf,32),'2021':(0,-inf,12),'2031':(1,-inf,12),'3031':(2,-inf,9),'4031':(2,-inf,8),'0100':(1,-inf,27),'4131':(2,-inf,12),'4232':(0,-inf,27),'4233':(0,-inf,15),'4231':(1,-inf,20)}
16548864 16766  0 -inf 12 {'1112':(1,-inf,19),'1121':(2,-inf,28),'1122':(2,-inf,22),'1100':(0,-inf,24),'1000':(0,-inf,12),'2021':(0,-inf,12),'2031':(0,-inf,12),'3031':(0,-inf,12),'4031':(0,-inf,12),'0100':(0,-inf,12),'4131':(0,-inf,12),'4232':(0,-inf,20),'4231':(0,-inf,19)}
16766 24937472  0 -inf -12 {'0203':(0,-inf,18),'0212':(0,-inf,-4),'1312':(0,-inf,-12),'1323':(0.0,-inf,-12.0),'1303':(0,-inf,10),'1322':(2,-inf,18),'4344':(0,-inf,10),'0403':(0,-inf,10),'2423':(0,-inf,8),'3444':(0.0,-inf,-12.0),'3332':(0,-inf,10),'3323':(0,-inf,10),'3344':(0.0,-inf,4.0),'3322':(2,-inf,18)}
24937472 16638  0.0 -inf 12.0 {'1110':(0,-inf,14),'1112':(1,-inf,12),'1121':(2,-inf,24),'1122':(2,-inf,22),'0010':(0.0,-inf,12.0),'2021':(0,-inf,12),'2010':(0,-inf,14),'2031':(0,-inf,12),'3031':(0,-inf,12),'4031':(0,-inf,12),'4131':(0,-inf,12),'4232':(0,-inf,20),'4231':(0,-inf,20)}
12485632 17270  0 -inf 10 {'1112':(4,-inf,28),'1120':(2,-inf,28),'1122':(3,-inf,28),'1100':(2,-inf,28),'1020':(0,-inf,12),'1000':(0,-inf,12),'2120':(0,-inf,12),'2122':(2,-inf,14),'2131':(0,-inf,12),'3031':(0,-inf,10),'3020':(0,-inf,12),'4031':(0,-inf,10),'0100':(0,-inf,12),'4131':(0,-inf,10),'4232':(0,-inf,10),'4231':(0,-inf,12)}
16040960 8829  -1 -inf 10 {'1121':(0,-inf,4),'1101':(2,-inf,25),'1122':(1,-inf,4),'1100':(2,-inf,22),'1000':(0,-inf,4),'2021':(0,-inf,4),'2031':(0,-inf,4),'3031':(0,-inf,4),'4031':(0,-inf,4),'0201':(0,-inf,22),'0213':(-1,-inf,10),'4131':(0,-inf,4),'4232':(0,-inf,12),'4231':(0,-inf,4)}
12485632 17269  0 -inf 10 {'1112':(4,-inf,28),'1120':(2,-inf,28),'1122':(3,-inf,28),'1100':(2,-inf,28),'1020':(0,-inf,12),'1000':(0,-inf,12),'2120':(0,-inf,12),'2122':(2,-inf,14),'2131':(0,-inf,12),'3031':(0,-inf,10),'3020':(0,-inf,12),'4031':(0,-inf,10),'0100':(0,-inf,12),'4131':(0,-inf,10),'4232':(0,-inf,10),'4231':(0,-inf,16)}
16290816 951  -2 -inf -10 {'2221':(0,-inf,10),'2232':(0,-inf,9),'2212':(0,-inf,12),'2231':(0,-inf,9),'2233':(-2,-inf,-3),'2211':(0,-inf,10),'1011':(0,-inf,-4),'1000':(0,-inf,-2),'2021':(0,-inf,-2),'2011':(0,-inf,-4),'2031':(0,-inf,-12),'3031':(0,-inf,-12),'4031':(0,-inf,-12),'0100':(0,-inf,3),'0102':(1,-inf,19),'0111':(0,-inf,-4),'4131':(0,-inf,-12),'4232':(0,-inf,-12),'4233':(-2,-inf,-10),'4231':(0,-inf,-2)}